37165
37161
37159
37159
37157
37159
37163
37171
37171
37167
37165
37165
37167
37169
37165
37167
37165
37161
37157
37159
37159
37159
37161
37163
37165
37167
37169
37173
37173
37175
37177
37175
37175
37173
37173
37171
37171
37173
37171
37171
37169
37171
37169
37167
37167
37165
37165
37169
37169
37169
37169
37167
37167
37167
37169
37165
37163
37165
37167
37167
37165
37163
37163
37165
37165
37165
37167
37165
37165
37167
37167
37165
37163
37167
37167
37167
37165
37165
37163
37165
37163
37165
37165
37165
37163
37165
37163
37163
37161
37165
37163
37165
37167
37167
37169
37169
37169
37171
37169
37169
37167
37169
37167
37167
37169
37171
37167
37161
37159
37163
37171
37181
37195
37197
37195
37179
37165
37153
37151
37151
37163
37171
37173
37165
37161
37157
37155
37163
37169
37177
37177
37171
37165
37157
37151
37151
37151
37157
37163
37165
37163
37165
37165
37169
37173
37177
37179
37177
37173
37173
37169
37171
37171
37169
37169
37171
37167
37169
37167
37167
37167
37169
37169
37171
37169
37169
37169
37167
37167
37165
37163
37163
37161
37161
37161
37163
37163
37165
37167
37167
37169
37167
37167
37167
37167
37169
37171
37169
37165
37165
37163
37163
37163
37165
37161
37165
37167
37167
37169
37167
37167
37167
37167
37167
37165
37165
37167
37165
37165
37165
37167
37165
37165
37165
37167
37167
37169
37169
37169
37169
37167
37167
37169
37167
37167
37165
37165
37163
37165
37165
37167
37169
37169
37169
37167
37165
37167
37167
37169
37169
37165
37165
37165
37165
37165
37165
37165
37165
37167
37167
37167
37169
37169
37161
37151
37143
37141
37165
37189
37215
37223
37207
37175
37153
37139
37145
37159
37167
37159
37141
37123
37111
37115
37145
37181
37209
37217
37209
37193
37175
37159
37159
37159
37155
37153
37149
37141
37139
37139
37145
37163
37181
37197
37205
37205
37193
37175
37167
37167
37171
37179
37179
37171
37163
37153
37149
37151
37155
37165
37169
37169
37167
37167
37165
37161
37163
37163
37165
37165
37165
37165
37163
37159
37159
37157
37159
37163
37167
37171
37171
37173
37173
37175
37175
37171
37173
37171
37169
37167
37165
37163
37161
37161
37163
37163
37163
37163
37167
37167
37165
37165
37163
37165
37163
37163
37163
37165
37165
37165
37163
37163
37163
37165
37167
37169
37171
37173
37173
37173
37169
37169
37171
37171
37173
37173
37169
37167
37167
37165
37163
37165
37165
37167
37165
37165
37163
37163
37161
37161
37163
37163
37163
37161
37159
37161
37161
37163
37165
37165
37165
37163
37165
37167
37167
37169
37167
37169
37171
37169
37169
37169
37167
37169
37169
37167
37167
37169
37169
37167
37171
37167
37169
37171
37171
37169
37169
37169
37169
37167
37167
37167
37167
37163
37163
37161
37165
37163
37163
37163
37163
37165
37165
37163
37163
37165
37165
37165
37165
37165
37165
37165
37163
37163
37165
37165
37167
37169
37167
37167
37169
37169
37169
37171
37169
37171
37171
37171
37169
37169
37169
37169
37167
37167
37165
37167
37167
37165
37167
37165
37165
37167
37165
37167
37165
37165
37165
37165
37167
37167
37165
37167
37167
37167
37167
37165
37167
37167
37167
37167
37167
37167
37167
37167
37165
37167
37167
37167
37165
37167
37167
37165
37167
37167
37163
37167
37165
37165
37165
37165
37165
37165
37163
37165
37165
37163
37163
37165
37167
37167
37165
37165
37167
37165
37163
37167
37167
37169
37167
37169
37169
37169
37167
37169
37169
37167
37167
37167
37165
37167
37165
37167
37167
37165
37167
37167
37165
37169
37167
37167
37167
37165
37167
37165
37165
37163
37165
37167
37167
37167
37167
37167
37167
37165
37169
37167
37167
37165
37153
37145
37149
37159
37175
37195
37209
37209
37197
37167
37143
37131
37131
37135
37157
37167
37165
37155
37149
37143
37151
37169
37189
37201
37197
37181
37167
37155
37149
37151
37155
37157
37159
37161
37167
37167
37171
37171
37177
37179
37179
37179
37179
37173
37167
37163
37163
37161
37165
37163
37163
37161
37161
37159
37157
37161
37163
37163
37165
37165
37165
37165
37167
37169
37169
37163
37161
37161
37163
37165
37167
37167
37167
37167
37167
37167
37167
37169
37167
37167
37169
37169
37167
37161
37161
37159
37163
37163
37161
37165
37163
37165
37165
37165
37165
37165
37165
37167
37167
37167
37167
37167
37169
37167
37165
37165
37167
37165
37165
37165
37165
37167
37169
37169
37167
37169
37167
37165
37167
37165
37165
37163
37163
37165
37163
37165
37163
37165
37165
37165
37165
37165
37165
37165
37165
37167
37167
37165
37167
37165
37167
37165
37165
37165
37167
37167
37167
37165
37167
37165
37167
37167
37167
37167
37169
37165
37167
37165
37165
37165
37167
37167
37167
37167
37167
37165
37167
37165
37165
37165
37165
37165
37165
37165
37167
37167
37165
37163
37163
37163
37165
37165
37165
37163
37165
37165
37163
37165
37163
37163
37163
37165
37163
37165
37167
37165
37165
37167
37167
37165
37165
37165
37165
37165
37167
37167
37169
37169
37167
37169
37165
37167
37167
37167
37167
37165
37165
37167
37167
37165
37165
37165
37165
37165
37165
37165
37165
37165
37163
37161
37159
37159
37161
37163
37165
37161
37161
37161
37161
37163
37167
37169
37169
37169
37169
37165
37165
37161
37165
37169
37169
37169
37171
37171
37169
37167
37167
37169
37169
37171
37169
37167
37165
37165
37165
37165
37165
37165
37165
37163
37165
37159
37155
37155
37159
37163
37161
37161
37159
37157
37157
37163
37167
37173
37175
37173
37169
37163
37159
37159
37163
37167
37155
37127
37095
37073
37111
37181
37263
37337
37349
37301
37217
37133
37069
37053
37065
37075
37087
37091
37095
37105
37133
37187
37233
37247
37239
37227
37215
37189
37159
37119
37085
37061
37059
37081
37113
37137
37147
37153
37169
37191
37213
37231
37231
37209
37179
37153
37145
37153
37165
37179
37187
37187
37179
37173
37167
37165
37163
37163
37159
37161
37163
37167
37169
37171
37165
37153
37125
37095
37067
37083
37135
37199
37267
37291
37263
37207
37149
37109
37101
37121
37127
37131
37131
37119
37111
37109
37135
37175
37215
37247
37271
37269
37237
37185
37127
37089
37069
37079
37107
37139
37157
37153
37145
37145
37155
37177
37201
37219
37217
37195
37165
37137
37123
37125
37137
37159
37177
37185
37183
37173
37161
37153
37151
37161
37177
37183
37185
37179
37171
37163
37161
37163
37169
37175
37173
37169
37159
37147
37143
37149
37153
37163
37173
37175
37177
37173
37167
37159
37153
37151
37147
37155
37159
37161
37159
37159
37163
37161
37159
37157
37167
37175
37177
37179
37173
37161
37159
37157
37161
37167
37171
37171
37173
37165
37161
37153
37153
37157
37163
37167
37175
37175
37173
37165
37163
37163
37165
37163
37167
37167
37165
37163
37163
37163
37161
37163
37165
37165
37165
37165
37163
37161
37161
37161
37161
37163
37165
37167
37169
37169
37167
37167
37167
37165
37165
37163
37161
37161
37161
37161
37163
37163
37165
37165
37165
37167
37167
37167
37165
37165
37165
37163
37165
37167
37167
37167
37167
37165
37165
37161
37163
37163
37163
37163
37163
37163
37163
37163
37163
37165
37165
37167
37169
37167
37167
37165
37165
37163
37165
37165
37165
37163
37163
37163
37165
37165
37165
37165
37165
37165
37167
37169
37169
37167
37167
37165
37163
37153
37145
37147
37157
37173
37189
37201
37203
37191
37165
37143
37131
37129
37135
37155
37163
37159
37153
37147
37143
37151
37169
37183
37191
37187
37175
37161
37153
37151
37153
37153
37157
37159
37157
37161
37165
37169
37173
37177
37177
37179
37175
37171
37169
37167
37165
37165
37167
37165
37165
37163
37159
37159
37159
37159
37161
37161
37163
37163
37163
37165
37165
37169
37169
37167
37163
37163
37161
37163
37163
37167
37169
37169
37167
37167
37165
37167
37165
37167
37171
37169
37169
37167
37165
37163
37161
37163
37163
37163
37161
37165
37165
37165
37163
37163
37163
37161
37163
37163
37163
37163
37165
37165
37165
37165
37165
37165
37165
37165
37163
37163
37167
37169
37167
37169
37167
37165
37165
37161
37159
37161
37159
37155
37149
37147
37153
37159
37167
37167
37165
37163
37163
37165
37163
37157
37151
37149
37153
37159
37163
37161
37157
37157
37163
37161
37121
37101
37115
37141
37201
37273
37311
37331
37293
37213
37121
37043
37009
37025
37081
37135
37165
37179
37175
37161
37153
37165
37203
37251
37267
37247
37193
37111
37033
36995
37009
37067
37143
37213
37241
37227
37193
37159
37141
37139
37153
37171
37187
37193
37187
37177
37169
37163
37169
37179
37183
37181
37177
37167
37157
37147
37145
37147
37155
37163
37169
37173
37173
37169
37167
37159
37145
37133
37127
37127
37135
37143
37147
37153
37153
37153
37153
37155
37163
37169
37177
37179
37175
37171
37167
37165
37169
37175
37181
37185
37187
37185
37177
37173
37167
37169
37169
37173
37169
37163
37161
37157
37159
37167
37173
37177
37173
37157
37141
37129
37121
37127
37139
37153
37163
37169
37171
37175
37173
37169
37165
37167
37165
37167
37165
37161
37155
37153
37159
37171
37181
37183
37181
37179
37175
37177
37177
37177
37175
37169
37165
37163
37159
37161
37159
37155
37151
37151
37151
37151
37153
37151
37153
37153
37153
37155
37157
37157
37159
37161
37161
37165
37165
37167
37167
37167
37169
37169
37173
37173
37177
37179
37177
37175
37173
37173
37173
37175
37173
37171
37169
37167
37165
37161
37159
37157
37157
37157
37159
37157
37157
37155
37155
37155
37153
37151
37153
37153
37153
37153
37155
37157
37159
37159
37161
37161
37163
37163
37165
37167
37169
37173
37171
37171
37171
37171
37169
37169
37167
37167
37169
37167
37167
37167
37165
37163
37165
37163
37161
37159
37159
37157
37157
37159
37157
37159
37157
37155
37155
37155
37155
37157
37157
37159
37159
37159
37161
37163
37165
37165
37169
37169
37169
37171
37169
37171
37169
37169
37169
37169
37169
37171
37171
37169
37167
37167
37167
37167
37167
37167
37167
37165
37163
37163
37161
37161
37159
37161
37161
37159
37161
37161
37159
37157
37157
37157
37159
37159
37161
37161
37163
37165
37161
37163
37163
37163
37167
37167
37167
37167
37165
37165
37167
37167
37167
37169
37169
37169
37167
37167
37163
37165
37163
37165
37163
37165
37163
37163
37163
37161
37163
37161
37161
37161
37161
37159
37159
37159
37159
37157
37157
37159
37159
37159
37163
37163
37163
37163
37163
37165
37167
37167
37165
37167
37167
37165
37163
37165
37165
37163
37165
37165
37165
37163
37163
37163
37163
37163
37163
37163
37161
37161
37161
37161
37161
37161
37161
37161
37161
37159
37159
37161
37159
37161
37161
37161
37163
37163
37163
37165
37163
37163
37163
37165
37167
37167
37165
37165
37163
37163
37161
37165
37161
37163
37163
37163
37163
37163
37161
37163
37163
37163
37163
37161
37161
37163
37163
37161
37163
37163
37163
37165
37165
37165
37163
37165
37165
37165
37165
37165
37165
37165
37165
37167
37165
37167
37165
37165
37165
37165
37167
37167
37165
37165
37163
37163
37161
37163
37163
37161
37161
37159
37161
37161
37161
37161
37161
37161
37161
37159
37159
37161
37161
37159
37159
37161
37161
37159
37161
37159
37161
37163
37163
37163
37163
37165
37165
37167
37165
37165
37165
37163
37165
37165
37167
37167
37167
37165
37165
37167
37165
37165
37165
37163
37163
37165
37165
37165
37163
37163
37161
37161
37161
37161
37161
37161
37161
37161
37161
37161
37159
37163
37161
37161
37161
37161
37163
37163
37161
37163
37161
37163
37163
37161
37161
37161
37161
37163
37165
37161
37163
37163
37163
37165
37165
37165
37163
37163
37165
37163
37165
37163
37163
37163
37163
37163
37165
37165
37163
37163
37165
37163
37161
37163
37163
37163
37165
37163
37163
37163
37163
37163
37163
37165
37161
37163
37163
37163
37163
37163
37161
37163
37163
37163
37163
37163
37161
37161
37163
37165
37161
37163
37161
37163
37161
37163
37163
37165
37165
37163
37163
37163
37163
37163
37163
37163
37163
37163
37163
37163
37161
37163
37163
37165
37163
37163
37163
37161
37161
37163
37163
37163
37163
37161
37163
37161
37161
37161
37161
37163
37163
37161
37163
37163
37163
37163
37163
37163
37165
37163
37163
37163
37161
37163
37165
37163
37163
37163
37163
37163
37167
37165
37163
37163
37165
37165
37163
37165
37163
37163
37165
37163
37165
37163
37161
37163
37163
37161
37165
37163
37163
37165
37161
37163
37163
37163
37161
37163
37165
37163
37163
37161
37163
37163
37163
37161
37161
37163
37163
37163
37163
37163
37163
37163
37161
37163
37163
37163
37163
37161
37165
37163
37163
37165
37163
37165
37163
37165
37163
37163
37161
37165
37161
37163
37163
37163
37161
37161
37161
37161
37163
37163
37163
37163
37161
37163
37161
37161
37161
37161
37161
37163
37161
37161
37163
37163
37163
37163
37163
37165
37163
37161
37163
37161
37163
37163
37161
37163
37163
37163
37163
37163
37165
37163
37163
37163
37163
37163
37165
37165
37161
37161
37163
37163
37163
37165
37161
37163
37161
37161
37161
37161
37161
37161
37161
37159
37163
37161
37161
37161
37161
37161
37161
37161
37161
37161
37163
37161
37163
37163
37163
37163
37161
37163
37163
37163
37163
37163
37163
37163
37163
37161
37163
37163
37163
37163
37161
37165
37163
37165
37163
37163
37165
37163
37163
37163
37165
37163
37163
37165
37163
37163
37163
37165
37163
37161
37163
37163
37163
37161
37163
37161
37161
37163
37163
37163
37163
37161
37161
37163
37161
37161
37163
37161
37161
37161
37161
37161
37163
37161
37161
37161
37161
37161
37161
37161
37163
37159
37161
37161
37161
37161
37163
37161
37161
37163
37161
37163
37163
37163
37163
37163
37163
37163
37165
37163
37163
37163
37165
37163
37163
37165
37165
37163
37163
37163
37163
37163
37161
37161
37163
37163
37161
37165
37163
37163
37163
37163
37163
37165
37163
37163
37163
37161
37161
37163
37163
37163
37165
37165
37165
37163
37163
37163
37165
37163
37161
37163
37163
37163
37161
37163
37163
37163
37163
37161
37161
37161
37161
37161
37161
37161
37161
37159
37159
37159
37161
37161
37161
37161
37159
37161
37161
37159
37159
37161
37159
37161
37161
37161
37163
37161
37161
37159
37161
37163
37165
37165
37165
37163
37165
37165
37165
37163
37163
37163
37165
37163
37163
37163
37163
37161
37163
37163
37161
37161
37159
37161
37161
37161
37159
37161
37163
37161
37161
37159
37159
37161
37161
37161
37161
37159
37161
37161
37163
37163
37161
37161
37159
37161
37161
37161
37161
37161
37161
37163
37163
37163
37161
37161
37161
37161
37159
37161
37161
37161
37161
37163
37161
37161
37161
37161
37161
37161
37161
37161
37163
37163
37163
37163
37165
37163
37163
37163
37161
37161
37163
37165
37163
37163
37165
37163
37163
37165
37165
37165
37165
37163
37165
37163
37163
37163
37165
37163
37161
37163
37165
37163
37163
37165
37165
37163
37163
37163
37165
37165
37163
37161
37163
37161
37161
37161
37159
37159
37159
37161
37161
37159
37161
37159
37159
37161
37161
37161
37161
37163
37161
37161
37159
37161
37163
37161
37161
37161
37161
37161
37161
37161
37161
37161
37161
37161
37161
37163
37161
37161
37159
37161
37161
37159
37161
37161
37161
37161
37161
37161
37161
37161
37161
37163
37163
37163
37161
37163
37163
37163
37163
37163
37163
37163
37163
37161
37163
37163
37163
37163
37163
37163
37161
37161
37161
37163
37163
37161
37161
37161
37161
37161
37161
37159
37161
37161
37159
37161
37161
37161
37159
37161
37161
37161
37163
37161
37163
37161
37161
37161
37163
37161
37161
37161
37161
37163
37161
37161
37163
37163
37161
37163
37161
37163
37163
37163
37163
37163
37163
37163
37163
37163
37163
37161
37161
37163
37163
37161
37161
37161
37163
37161
37161
37161
37163
37163
37161
37161
37163
37163
37163
37163
37163
37161
37163
37161
37159
37161
37159
37161
37161
37161
37161
37161
37161
37161
37161
37161
37159
37161
37161
37161
37161
37161
37159
37159
37159
37161
37161
37159
37161
37161
37161
37159
37159
37159
37159
37161
37159
37161
37161
37159
37159
37161
37161
37161
37161
37159
37163
37159
37161
37163
37163
37161
37161
37163
37163
37163
37161
37161
37163
37161
37161
37163
37161
37163
37163
37163
37161
37161
37161
37163
37163
37163
37163
37163
37163
37163
37161
37161
37161
37161
37161
37159
37163
37161
37163
37163
37163
37161
37161
37161
37161
37161
37161
37161
37159
37163
37161
37161
37159
37161
37161
37161
37161
37159
37161
37159
37161
37159
37159
37159
37161
37159
37159
37159
37159
37159
37159
37159
37159
37159
37159
37159
37161
37161
37161
37161
37161
37159
37159
37157
37149
37149
37151
37159
37171
37167
37155
37137
37131
37147
37163
37175
37175
37165
37153
37139
37139
37155
37177
37195
37205
37207
37203
37187
37167
37155
37151
37153
37163
37181
37181
37163
37147
37139
37141
37157
37171
37179
37173
37159
37145
37139
37139
37131
37125
37129
37145
37163
37189
37207
37209
37195
37163
37141
37127
37125
37139
37163
37175
37167
37159
37149
37151
37165
37187
37197
37199
37187
37169
37159
37153
37149
37147
37143
37145
37147
37151
37153
37155
37155
37155
37161
37165
37169
37163
37159
37155
37155
37157
37167
37169
37169
37165
37165
37165
37165
37165
37163
37165
37167
37165
37163
37165
37167
37169
37171
37171
37165
37163
37159
37157
37157
37159
37159
37159
37157
37157
37153
37151
37155
37157
37159
37159
37159
37159
37155
37153
37153
37153
37157
37155
37159
37159
37161
37163
37161
37159
37159
37157
37159
37159
37161
37163
37165
37167
37169
37173
37175
37169
37165
37163
37165
37169
37171
37171
37165
37161
37157
37157
37161
37165
37163
37161
37157
37155
37155
37155
37157
37159
37157
37157
37155
37153
37153
37153
37153
37153
37155
37157
37159
37163
37163
37161
37163
37163
37165
37167
37169
37167
37167
37165
37163
37165
37163
37163
37161
37159
37159
37159
37157
37155
37153
37151
37151
37153
37155
37155
37153
37153
37149
37149
37145
37133
37119
37127
37147
37159
37145
37109
37071
37019
37037
37133
37217
37257
37293
37311
37331
37333
37281
37201
37105
37045
37027
37055
37109
37129
37117
37103
37095
37103
37151
37235
37303
37331
37321
37275
37213
37127
37053
37017
37031
37077
37137
37185
37189
37153
37097
37059
37065
37115
37183
37247
37277
37263
37215
37165
37131
37123
37133
37155
37171
37175
37159
37135
37115
37109
37125
37145
37175
37197
37203
37197
37187
37169
37153
37135
37129
37129
37141
37157
37165
37159
37145
37137
37139
37141
37145
37147
37149
37155
37159
37167
37165
37165
37165
37167
37169
37169
37175
37179
37177
37171
37161
37153
37151
37155
37165
37177
37187
37189
37185
37177
37171
37161
37155
37153
37153
37151
37149
37149
37147
37149
37151
37155
37157
37163
37167
37167
37165
37157
37153
37149
37151
37153
37157
37159
37159
37161
37159
37159
37159
37163
37167
37169
37169
37169
37169
37169
37171
37171
37169
37167
37165
37167
37167
37165
37159
37157
37157
37155
37157
37161
37165
37165
37165
37161
37159
37155
37151
37151
37147
37147
37151
37151
37153
37153
37157
37161
37165
37167
37171
37169
37169
37171
37167
37169
37169
37169
37167
37167
37165
37167
37167
37167
37169
37169
37173
37171
37173
37177
37183
37187
37195
37199
37203
37205
37197
37171
37125
37083
37071
37077
37091
37111
37127
37139
37145
37157
37173
37187
37205
37211
37205
37193
37171
37147
37131
37117
37113
37121
37135
37143
37151
37151
37155
37161
37171
37181
37187
37187
37185
37179
37173
37163
37159
37155
37157
37159
37157
37153
37149
37149
37145
37143
37143
37149
37157
37165
37169
37171
37171
37165
37163
37159
37157
37155
37159
37161
37161
37159
37161
37161
37167
37171
37175
37181
37181
37181
37177
37171
37167
37167
37165
37161
37163
37165
37165
37165
37165
37165
37167
37167
37169
37167
37167
37167
37163
37157
37155
37155
37151
37153
37151
37149
37151
37151
37151
37151
37151
37153
37155
37159
37161
37159
37161
37161
37159
37159
37153
37151
37157
37155
37155
37159
37159
37163
37163
37165
37167
37169
37169
37169
37171
37173
37173
37171
37171
37171
37169
37169
37169
37167
37167
37167
37165
37163
37163
37163
37165
37165
37165
37167
37169
37167
37169
37169
37171
37169
37167
37165
37161
37161
37159
37159
37161
37161
37161
37161
37157
37157
37155
37155
37153
37153
37155
37157
37157
37155
37155
37153
37153
37155
37157
37157
37157
37155
37157
37153
37151
37151
37153
37153
37153
37155
37157
37159
37159
37161
37159
37161
37163
37167
37167
37167
37167
37167
37167
37165
37165
37165
37165
37167
37167
37165
37165
37163
37165
37165
37165
37167
37169
37169
37165
37165
37165
37167
37165
37165
37161
37161
37161
37161
37159
37161
37157
37161
37161
37159
37159
37161
37163
37165
37163
37163
37163
37163
37163
37163
37161
37163
37161
37161
37161
37161
37161
37159
37159
37157
37159
37159
37159
37161
37159
37159
37159
37157
37157
37157
37157
37159
37159
37157
37157
37157
37161
37159
37157
37157
37157
37159
37161
37157
37159
37157
37159
37159
37159
37161
37161
37165
37165
37165
37163
37165
37165
37165
37163
37167
37169
37167
37169
37165
37167
37163
37165
37163
37165
37163
37167
37169
37167
37167
37165
37163
37165
37163
37163
37163
37165
37165
37163
37159
37159
37159
37159
37157
37159
37159
37161
37157
37157
37155
37157
37155
37159
37159
37159
37161
37159
37159
37157
37155
37155
37155
37155
37155
37153
37155
37157
37155
37153
37153
37155
37155
37159
37157
37157
37159
37161
37159
37159
37159
37161
37163
37163
37161
37161
37163
37163
37161
37161
37163
37163
37165
37165
37167
37165
37167
37167
37167
37167
37167
37167
37169
37167
37167
37169
37167
37165
37165
37165
37165
37165
37165
37165
37163
37163
37163
37161
37159
37161
37161
37161
37161
37159
37163
37163
37163
37159
37157
37157
37159
37159
37161
37159
37159
37159
37157
37157
37153
37157
37157
37159
37159
37161
37159
37157
37155
37155
37157
37157
37159
37159
37157
37159
37155
37157
37155
37157
37157
37157
37157
37159
37161
37161
37159
37159
37159
37159
37161
37163
37163
37165
37165
37163
37165
37165
37165
37165
37167
37167
37169
37167
37167
37167
37165
37163
37163
37163
37163
37165
37163
37163
37161
37159
37159
37155
37157
37157
37157
37159
37157
37157
37157
37155
37155
37153
37155
37155
37159
37157
37157
37155
37155
37155
37155
37155
37157
37157
37159
37159
37157
37159
37159
37157
37159
37157
37161
37161
37161
37161
37161
37161
37159
37159
37161
37159
37161
37163
37163
37163
37161
37161
37161
37163
37161
37163
37163
37163
37165
37165
37165
37161
37159
37161
37163
37163
37165
37163
37163
37163
37163
37159
37161
37161
37161
37161
37163
37163
37165
37161
37159
37159
37159
37161
37157
37159
37161
37159
37159
37157
37159
37157
37157
37159
37161
37159
37161
37159
37161
37161
37159
37161
37159
37159
37161
37157
37157
37155
37151
37151
37151
37151
37155
37159
37161
37161
37163
37163
37165
37165
37163
37163
37163
37163
37161
37157
37159
37155
37157
37157
37157
37161
37161
37163
37163
37161
37163
37165
37163
37163
37163
37163
37163
37163
37163
37163
37163
37161
37161
37159
37159
37161
37161
37161
37159
37161
37161
37161
37161
37161
37161
37159
37163
37163
37163
37161
37159
37159
37157
37159
37159
37159
37159
37159
37159
37159
37157
37157
37155
37153
37153
37155
37157
37157
37155
37155
37153
37153
37153
37157
37159
37161
37161
37159
37157
37155
37155
37157
37159
37163
37163
37163
37163
37161
37161
37161
37161
37163
37165
37167
37167
37165
37163
37161
37161
37161
37161
37163
37163
37163
37163
37163
37161
37159
37161
37159
37161
37159
37161
37159
37161
37161
37159
37157
37157
37157
37157
37159
37159
37161
37159
37157
37157
37155
37155
37157
37157
37159
37159
37159
37159
37161
37159
37161
37159
37161
37161
37163
37163
37163
37163
37163
37163
37163
37161
37163
37163
37161
37159
37161
37159
37161
37159
37159
37159
37163
37159
37161
37159
37159
37159
37159
37157
37157
37157
37157
37159
37159
37159
37159
37157
37157
37157
37159
37159
37161
37161
37159
37161
37159
37159
37161
37159
37161
37161
37161
37159
37161
37161
37157
37157
37155
37155
37157
37157
37157
37157
37157
37157
37155
37155
37153
37155
37159
37157
37157
37157
37159
37155
37149
37141
37133
37133
37147
37165
37183
37177
37157
37137
37123
37129
37147
37165
37167
37167
37171
37179
37185
37187
37181
37169
37163
37163
37165
37165
37163
37155
37149
37145
37149
37161
37171
37179
37181
37181
37179
37173
37173
37171
37167
37163
37163
37157
37157
37153
37151
37151
37153
37155
37147
37139
37137
37149
37169
37197
37217
37219
37203
37169
37139
37115
37111
37125
37153
37167
37161
37141
37127
37127
37145
37169
37189
37191
37185
37171
37161
37151
37143
37139
37131
37129
37129
37133
37143
37149
37149
37153
37157
37165
37175
37177
37177
37175
37169
37161
37153
37145
37143
37145
37151
37159
37159
37157
37159
37167
37171
37181
37181
37175
37169
37163
37159
37153
37147
37143
37139
37143
37149
37155
37163
37165
37167
37171
37171
37169
37169
37167
37165
37159
37157
37155
37153
37153
37153
37155
37155
37157
37161
37165
37167
37167
37167
37165
37163
37161
37159
37161
37161
37161
37157
37155
37153
37151
37153
37149
37151
37149
37153
37153
37155
37159
37161
37161
37161
37159
37155
37155
37155
37155
37153
37151
37153
37153
37155
37159
37161
37163
37165
37165
37163
37163
37163
37161
37161
37159
37161
37161
37161
37159
37159
37157
37159
37159
37161
37159
37161
37161
37161
37159
37157
37149
37143
37141
37143
37151
37163
37171
37175
37175
37171
37163
37157
37147
37143
37139
37139
37141
37147
37155
37157
37161
37169
37175
37181
37187
37187
37181
37171
37159
37151
37149
37151
37155
37155
37155
37159
37165
37171
37175
37179
37177
37171
37165
37161
37157
37155
37155
37153
37153
37151
37155
37157
37159
37159
37159
37157
37159
37159
37159
37153
37139
37139
37151
37167
37185
37201
37201
37193
37161
37135
37123
37117
37125
37145
37159
37153
37139
37135
37133
37147
37165
37183
37187
37181
37171
37165
37161
37159
37151
37141
37133
37135
37139
37153
37161
37163
37161
37163
37171
37179
37179
37179
37171
37165
37161
37159
37155
37155
37155
37151
37153
37153
37151
37153
37155
37157
37159
37157
37159
37159
37159
37161
37159
37153
37151
37149
37149
37153
37157
37161
37161
37163
37161
37159
37159
37159
37159
37161
37163
37165
37165
37163
37157
37155
37153
37151
37153
37157
37157
37159
37159
37157
37159
37159
37159
37159
37159
37161
37161
37159
37161
37157
37159
37157
37159
37157
37157
37157
37159
37161
37161
37161
37163
37163
37161
37159
37161
37159
37159
37157
37157
37157
37155
37153
37155
37155
37155
37155
37153
37155
37155
37157
37155
37157
37159
37159
37159
37161
37161
37159
37161
37159
37159
37159
37161
37159
37161
37161
37159
37161
37161
37163
37161
37159
37161
37161
37161
37161
37159
37161
37161
37161
37161
37161
37159
37161
37161
37161
37159
37161
37161
37159
37161
37157
37159
37161
37157
37157
37157
37157
37157
37159
37155
37159
37157
37157
37157
37155
37155
37155
37155
37157
37157
37157
37157
37155
37157
37155
37155
37157
37155
37155
37157
37157
37157
37157
37157
37159
37155
37155
37157
37157
37157
37157
37157
37157
37157
37157
37155
37157
37157
37157
37159
37159
37159
37159
37159
37159
37159
37161
37161
37159
37159
37163
37163
37161
37161
37163
37163
37163
37163
37161
37163
37163
37163
37161
37159
37159
37159
37161
37159
37159
37159
37157
37159
37155
37155
37157
37155
37155
37155
37155
37155
37153
37153
37153
37153
37153
37153
37155
37155
37155
37155
37157
37157
37155
37155
37157
37157
37159
37159
37159
37159
37157
37159
37159
37159
37159
37159
37159
37161
37159
37159
37161
37161
37159
37159
37161
37159
37161
37161
37161
37161
37159
37159
37159
37159
37159
37161
37161
37159
37157
37157
37161
37157
37157
37157
37157
37159
37159
37157
37159
37155
37157
37157
37157
37155
37155
37155
37157
37157
37157
37157
37155
37155
37157
37155
37155
37157
37157
37155
37157
37157
37157
37155
37157
37157
37159
37159
37157
37157
37159
37157
37157
37157
37159
37159
37159
37159
37157
37159
37159
37157
37161
37159
37159
37159
37157
37159
37157
37157
37155
37157
37157
37157
37157
37157
37157
37157
37159
37157
37157
37157
37155
37157
37159
37159
37157
37159
37159
37159
37159
37157
37159
37159
37157
37159
37159
37157
37159
37157
37159
37159
37159
37161
37159
37161
37159
37157
37157
37159
37157
37159
37159
37159
37157
37157
37155
37155
37155
37155
37155
37155
37155
37155
37153
37155
37155
37155
37157
37155
37155
37157
37155
37157
37155
37157
37155
37155
37155
37157
37157
37159
37159
37159
37159
37159
37159
37161
37161
37161
37161
37159
37161
37161
37159
37161
37161
37159
37161
37159
37161
37163
37161
37159
37159
37161
37159
37159
37161
37157
37159
37159
37159
37157
37157
37157
37157
37157
37157
37157
37157
37159
37157
37157
37157
37157
37157
37155
37155
37155
37155
37155
37155
37157
37157
37155
37155
37155
37155
37155
37157
37155
37157
37155
37155
37155
37155
37155
37155
37153
37157
37155
37155
37157
37155
37153
37155
37157
37157
37157
37159
37157
37157
37159
37161
37159
37159
37159
37159
37159
37159
37161
37159
37159
37159
37159
37159
37161
37159
37157
37159
37159
37159
37159
37159
37159
37159
37159
37157
37159
37157
37157
37159
37159
37157
37157
37159
37157
37157
37157
37157
37155
37155
37157
37157
37157
37159
37157
37159
37157
37155
37157
37157
37157
37159
37159
37157
37155
37157
37155
37155
37157
37155
37155
37155
37157
37157
37159
37159
37159
37159
37159
37157
37159
37161
37159
37161
37159
37159
37157
37159
37159
37157
37155
37159
37161
37159
37159
37161
37159
37159
37161
37159
37157
37157
37157
37157
37155
37155
37155
37155
37155
37153
37155
37157
37155
37155
37155
37155
37155
37153
37153
37155
37155
37153
37155
37153
37153
37153
37153
37153
37153
37149
37141
37131
37129
37133
37153
37167
37179
37169
37155
37141
37135
37137
37145
37157
37161
37157
37159
37159
37165
37169
37169
37169
37171
37169
37167
37165
37163
37159
37157
37163
37165
37169
37171
37173
37173
37173
37173
37175
37175
37173
37167
37159
37151
37147
37149
37153
37157
37157
37153
37145
37149
37155
37165
37175
37179
37177
37167
37151
37139
37133
37133
37143
37153
37157
37149
37143
37139
37147
37155
37163
37167
37163
37157
37153
37151
37153
37149
37143
37141
37137
37137
37143
37149
37155
37155
37159
37167
37175
37181
37179
37169
37153
37143
37141
37149
37155
37153
37147
37145
37149
37157
37167
37173
37173
37169
37167
37169
37167
37169
37165
37163
37157
37151
37151
37153
37155
37159
37157
37157
37157
37159
37159
37161
37157
37155
37155
37155
37159
37161
37161
37159
37155
37151
37151
37151
37151
37151
37151
37151
37153
37153
37155
37157
37157
37155
37153
37155
37155
37157
37157
37157
37153
37153
37151
37153
37157
37153
37153
37155
37157
37159
37161
37161
37159
37159
37157
37157
37157
37159
37161
37159
37159
37159
37157
37159
37159
37159
37157
37157
37157
37159
37157
37159
37159
37159
37157
37155
37157
37159
37155
37159
37157
37157
37157
37159
37157
37157
37157
37159
37159
37159
37159
37159
37159
37157
37155
37155
37155
37155
37155
37155
37155
37157
37155
37153
37153
37153
37153
37157
37155
37157
37157
37157
37159
37157
37155
37157
37155
37155
37155
37157
37157
37157
37159
37157
37157
37157
37157
37157
37157
37157
37157
37155
37155
37155
37155
37155
37153
37153
37153
37153
37153
37155
37155
37155
37155
37155
37155
37153
37153
37153
37153
37155
37155
37155
37157
37159
37161
37157
37159
37159
37157
37157
37159
37161
37161
37159
37161
37161
37159
37159
37159
37159
37161
37161
37159
37161
37161
37161
37159
37159
37159
37159
37161
37159
37159
37157
37157
37157
37155
37155
37155
37155
37155
37157
37155
37155
37155
37153
37153
37153
37153
37151
37151
37153
37151
37153
37153
37151
37151
37151
37153
37149
37151
37153
37151
37153
37151
37153
37153
37153
37153
37155
37157
37153
37157
37157
37157
37159
37157
37157
37159
37155
37159
37163
37161
37161
37159
37161
37161
37161
37161
37163
37161
37161
37161
37161
37161
37159
37161
37159
37159
37159
37159
37159
37159
37159
37157
37159
37155
37157
37155
37153
37155
37155
37153
37153
37153
37153
37151
37153
37151
37151
37153
37151
37153
37149
37151
37151
37151
37153
37151
37153
37151
37153
37151
37155
37155
37155
37155
37157
37155
37159
37157
37159
37159
37157
37157
37159
37159
37159
37159
37159
37159
37159
37159
37159
37161
37161
37161
37161
37157
37161
37157
37159
37157
37159
37157
37159
37157
37157
37157
37157
37155
37157
37157
37157
37157
37157
37155
37155
37157
37155
37155
37155
37155
37155
37155
37155
37155
37157
37155
37155
37157
37155
37155
37155
37155
37153
37153
37155
37153
37153
37153
37153
37153
37153
37153
37155
37157
37155
37157
37157
37157
37155
37155
37155
37157
37157
37155
37155
37155
37157
37159
37155
37155
37157
37157
37157
37157
37159
37157
37159
37159
37157
37157
37159
37159
37159
37159
37159
37159
37157
37159
37159
37159
37159
37159
37155
37155
37157
37155
37157
37157
37155
37155
37157
37157
37155
37157
37157
37155
37155
37157
37155
37155
37155
37155
37155
37151
37151
37147
37145
37145
37147
37149
37153
37155
37155
37159
37161
37157
37159
37157
37157
37157
37157
37155
37155
37153
37151
37151
37153
37155
37157
37161
37161
37163
37163
37165
37163
37165
37165
37163
37159
37151
37145
37139
37137
37137
37141
37147
37153
37157
37163
37163
37167
37167
37165
37159
37147
37145
37149
37155
37167
37177
37175
37165
37153
37145
37143
37147
37157
37171
37175
37167
37159
37147
37149
37155
37163
37167
37167
37159
37155
37151
37151
37147
37145
37145
37141
37143
37147
37155
37159
37163
37163
37163
37161
37155
37151
37147
37145
37145
37153
37157
37155
37153
37149
37149
37151
37157
37161
37165
37167
37165
37161
37151
37143
37143
37143
37147
37153
37155
37155
37151
37149
37149
37155
37163
37167
37169
37167
37165
37165
37165
37161
37153
37149
37149
37157
37157
37155
37155
37153
37157
37165
37169
37171
37169
37163
37161
37157
37155
37155
37153
37151
37151
37147
37149
37149
37153
37155
37155
37155
37155
37153
37153
37153
37151
37151
37149
37151
37153
37149
37155
37153
37153
37151
37155
37155
37155
37155
37155
37153
37153
37155
37157
37157
37153
37155
37153
37153
37153
37153
37155
37157
37157
37157
37157
37157
37157
37157
37157
37157
37159
37159
37159
37161
37161
37159
37157
37157
37157
37157
37157
37157
37157
37159
37159
37159
37157
37157
37157
37155
37157
37155
37155
37155
37157
37153
37155
37153
37153
37153
37151
37153
37153
37153
37153
37153
37153
37153
37155
37155
37155
37153
37153
37151
37153
37151
37155
37151
37155
37151
37153
37151
37155
37155
37155
37153
37157
37157
37157
37157
37157
37157
37157
37157
37159
37157
37159
37157
37159
37159
37159
37159
37159
37157
37159
37159
37159
37155
37157
37155
37155
37157
37157
37155
37157
37155
37155
37157
37155
37157
37157
37157
37157
37157
37157
37155
37157
37157
37157
37155
37155
37157
37157
37157
37153
37155
37157
37155
37155
37155
37153
37155
37153
37153
37151
37153
37153
37153
37153
37153
37151
37153
37151
37153
37151
37153
37153
37153
37155
37155
37155
37155
37155
37157
37155
37155
37157
37155
37157
37157
37157
37157
37155
37159
37157
37157
37157
37157
37159
37157
37155
37157
37157
37157
37157
37155
37157
37157
37155
37155
37157
37157
37157
37155
37155
37157
37155
37153
37151
37155
37155
37155
37155
37155
37157
37153
37155
37157
37157
37157
37157
37155
37155
37157
37155
37153
37155
37155
37155
37155
37155
37155
37155
37153
37153
37155
37157
37155
37155
37155
37153
37155
37153
37155
37155
37155
37155
37155
37155
37153
37153
37153
37153
37155
37155
37155
37157
37155
37153
37155
37157
37155
37157
37155
37155
37157
37155
37153
37153
37155
37155
37155
37155
37155
37155
37157
37155
37155
37155
37157
37157
37155
37155
37157
37155
37155
37155
37155
37157
37155
37155
37155
37155
37155
37155
37155
37155
37153
37153
37155
37157
37155
37153
37155
37155
37153
37153
37153
37155
37153
37153
37155
37155
37155
37153
37153
37153
37155
37157
37153
37155
37155
37155
37153
37155
37155
37153
37157
37155
37157
37155
37157
37155
37155
37153
37155
37157
37153
37155
37155
37155
37155
37155
37155
37157
37155
37155
37157
37157
37157
37157
37155
37157
37157
37157
37157
37157
37159
37155
37157
37155
37157
37155
37155
37155
37157
37155
37157
37155
37155
37155
37153
37153
37153
37153
37153
37153
37151
37153
37151
37153
37153
37153
37153
37153
37153
37153
37153
37151
37153
37153
37151
37155
37153
37151
37153
37153
37153
37155
37155
37155
37155
37155
37155
37155
37153
37155
37155
37153
37155
37155
37155
37155
37153
37155
37157
37157
37157
37153
37155
37157
37157
37157
37155
37157
37155
37155
37159
37155
37155
37155
37157
37157
37157
37157
37155
37157
37157
37157
37155
37157
37159
37157
37155
37157
37155
37155
37157
37157
37157
37155
37155
37157
37155
37155
37155
37155
37155
37155
37153
37155
37151
37155
37155
37153
37153
37153
37151
37153
37151
37151
37153
37153
37151
37155
37155
37153
37153
37151
37153
37153
37153
37153
37155
37155
37155
37153
37153
37155
37155
37155
37157
37155
37155
37157
37157
37157
37157
37155
37157
37157
37157
37155
37155
37155
37157
37155
37155
37157
37155
37157
37155
37157
37155
37157
37157
37157
37155
37155
37155
37157
37157
37155
37155
37153
37153
37155
37153
37155
37155
37155
37153
37153
37155
37155
37153
37153
37153
37155
37153
37155
37153
37153
37151
37155
37153
37153
37153
37153
37153
37151
37155
37151
37155
37153
37153
37155
37155
37155
37153
37153
37155
37155
37155
37155
37155
37155
37157
37155
37155
37155
37155
37155
37155
37157
37157
37157
37157
37157
37155
37155
37157
37155
37157
37155
37157
37155
37155
37155
37155
37155
37155
37157
37157
37155
37155
37155
37157
37155
37153
37155
37157
37155
37155
37155
37153
37153
37153
37155
37155
37155
37155
37153
37153
37155
37155
37155
37155
37153
37153
37153
37153
37151
37153
37153
37153
37153
37153
37153
37153
37151
37153
37153
37155
37153
37153
37155
37155
37157
37155
37155
37155
37155
37155
37155
37157
37155
37155
37155
37157
37155
37155
37155
37157
37155
37155
37155
37155
37153
37155
37157
37155
37155
37153
37155
37155
37155
37155
37155
37155
37153
37153
37155
37155
37153
37153
37153
37155
37155
37155
37155
37155
37155
37155
37153
37153
37155
37153
37153
37155
37153
37153
37153
37151
37155
37153
37153
37153
37155
37153
37153
37153
37153
37153
37153
37155
37155
37155
37155
37153
37153
37153
37155
37153
37153
37155
37153
37153
37153
37153
37151
37155
37153
37155
37153
37153
37153
37153
37155
37155
37153
37155
37155
37155
37155
37155
37157
37153
37155
37155
37153
37155
37155
37155
37155
37155
37155
37155
37155
37155
37157
37153
37155
37157
37157
37157
37157
37155
37157
37153
37155
37155
37155
37153
37153
37153
37153
37155
37155
37155
37155
37155
37153
37153
37151
37155
37153
37155
37155
37155
37155
37153
37151
37153
37153
37153
37155
37153
37151
37153
37153
37153
37153
37153
37153
37151
37155
37153
37153
37153
37153
37155
37155
37155
37155
37155
37155
37153
37155
37155
37155
37155
37157
37157
37157
37155
37155
37155
37157
37153
37155
37155
37155
37155
37155
37155
37157
37157
37155
37155
37155
37153
37153
37153
37153
37155
37153
37153
37153
37153
37153
37153
37155
37155
37151
37153
37151
37151
37153
37151
37153
37151
37153
37155
37153
37153
37153
37153
37153
37153
37153
37153
37153
37151
37153
37153
37153
37153
37153
37153
37153
37157
37155
37155
37155
37155
37155
37157
37157
37157
37153
37153
37155
37153
37155
37155
37155
37157
37155
37155
37155
37153
37155
37155
37155
37157
37155
37155
37155
37157
37155
37153
37155
37155
37155
37155
37155
37157
37155
37155
37153
37155
37155
37153
37151
37153
37153
37153
37153
37153
37153
37153
37153
37153
37153
37153
37153
37153
37151
37155
37155
37153
37153
37151
37151
37155
37155
37155
37157
37155
37155
37155
37155
37153
37155
37155
37155
37155
37155
37155
37155
37155
37155
37155
37157
37155
37155
37155
37155
37155
37153
37155
37155
37155
37155
37155
37159
37161
37163
37165
37165
37159
37151
37145
37137
37137
37139
37143
37145
37143
37143
37145
37149
37155
37161
37165
37167
37165
37163
37157
37151
37149
37147
37149
37149
37151
37153
37151
37153
37155
37157
37159
37161
37163
37163
37161
37161
37159
37155
37157
37159
37157
37157
37155
37153
37151
37153
37151
37151
37153
37151
37153
37153
37155
37155
37159
37155
37155
37155
37153
37153
37153
37153
37151
37153
37153
37151
37153
37155
37157
37157
37159
37157
37157
37157
37155
37153
37153
37153
37155
37153
37155
37153
37153
37153
37153
37153
37153
37153
37153
37155
37153
37153
37151
37153
37151
37153
37151
37153
37153
37155
37153
37153
37153
37153
37155
37157
37157
37157
37159
37157
37157
37155
37155
37155
37155
37157
37155
37155
37155
37155
37155
37155
37155
37155
37155
37153
37155
37153
37151
37153
37153
37153
37151
37155
37153
37151
37153
37151
37153
37153
37151
37155
37153
37153
37155
37153
37153
37151
37153
37155
37155
37155
37155
37155
37157
37157
37157
37157
37157
37157
37157
37157
37157
37157
37155
37155
37155
37157
37155
37155
37155
37155
37155
37157
37155
37153
37153
37153
37151
37153
37153
37153
37153
37153
37153
37151
37153
37153
37153
37153
37151
37155
37155
37153
37153
37153
37153
37155
37155
37157
37157
37155
37157
37155
37157
37155
37153
37155
37155
37155
37157
37155
37153
37153
37153
37153
37153
37153
37153
37155
37153
37153
37153
37151
37155
37155
37155
37155
37155
37155
37155
37155
37153
37153
37155
37157
37157
37155
37155
37155
37155
37153
37155
37157
37157
37157
37157
37155
37153
37155
37153
37153
37155
37155
37155
37155
37151
37153
37151
37153
37153
37155
37153
37153
37153
37151
37153
37153
37153
37153
37155
37155
37153
37153
37153
37153
37153
37155
37157
37157
37157
37155
37155
37153
37151
37157
37157
37157
37159
37159
37155
37153
37153
37153
37155
37157
37157
37157
37155
37155
37153
37151
37153
37155
37153
37157
37157
37155
37153
37151
37153
37151
37155
37153
37153
37153
37153
37151
37151
37151
37153
37155
37153
37155
37155
37155
37151
37153
37155
37155
37155
37155
37155
37153
37151
37151
37153
37155
37153
37153
37155
37155
37155
37153
37153
37153
37155
37155
37155
37155
37155
37153
37153
37153
37155
37155
37157
37155
37155
37153
37153
37155
37157
37155
37155
37157
37155
37155
37155
37153
37153
37155
37155
37155
37155
37155
37153
37151
37153
37155
37155
37155
37155
37155
37153
37151
37151
37151
37153
37153
37153
37155
37153
37151
37151
37153
37153
37155
37155
37155
37155
37153
37153
37153
37153
37153
37155
37155
37155
37157
37153
37153
37153
37155
37155
37155
37157
37157
37153
37153
37153
37155
37155
37157
37157
37155
37155
37153
37151
37153
37151
37155
37157
37155
37155
37153
37153
37153
37153
37151
37155
37155
37155
37153
37151
37151
37153
37153
37155
37157
37157
37153
37153
37153
37155
37155
37153
37155
37155
37157
37155
37153
37153
37153
37153
37155
37155
37155
37153
37151
37153
37153
37153
37153
37157
37157
37155
37153
37153
37153
37151
37153
37153
37155
37155
37153
37153
37151
37153
37153
37153
37155
37155
37155
37153
37153
37151
37153
37153
37155
37157
37155
37155
37151
37153
37149
37153
37153
37155
37153
37153
37153
37153
37149
37153
37155
37155
37157
37155
37155
37153
37153
37151
37153
37155
37155
37155
37155
37155
37153
37153
37153
37153
37153
37157
37157
37155
37157
37153
37153
37153
37155
37155
37155
37155
37153
37151
37149
37141
37137
37139
37157
37165
37157
37131
37091
37065
37071
37107
37157
37211
37245
37261
37263
37223
37185
37145
37117
37109
37117
37129
37115
37093
37075
37073
37107
37161
37213
37259
37273
37251
37211
37161
37117
37085
37083
37107
37131
37147
37145
37129
37115
37113
37129
37153
37179
37189
37187
37175
37157
37143
37139
37147
37159
37169
37173
37161
37145
37129
37119
37125
37137
37151
37159
37161
37153
37151
37155
37169
37185
37189
37181
37167
37155
37141
37129
37119
37113
37117
37129
37149
37161
37165
37163
37157
37153
37159
37167
37169
37165
37155
37143
37139
37141
37147
37151
37153
37151
37153
37153
37159
37165
37169
37171
37167
37165
37163
37161
37163
37159
37155
37151
37149
37147
37145
37145
37141
37141
37141
37147
37153
37157
37159
37157
37155
37151
37153
37149
37151
37147
37145
37143
37143
37147
37151
37155
37157
37157
37157
37157
37155
37157
37159
37159
37163
37161
37163
37161
37157
37157
37151
37151
37151
37153
37155
37155
37155
37155
37151
37153
37153
37155
37155
37155
37153
37149
37149
37149
37147
37147
37147
37151
37151
37153
37151
37151
37153
37153
37155
37155
37157
37157
37157
37155
37155
37155
37157
37155
37157
37157
37157
37157
37153
37155
37155
37155
37157
37155
37155
37153
37151
37153
37149
37151
37153
37153
37151
37149
37149
37147
37147
37147
37149
37151
37153
37153
37153
37155
37153
37153
37153
37153
37153
37157
37157
37157
37157
37157
37157
37159
37157
37157
37157
37155
37155
37153
37151
37155
37155
37155
37155
37153
37151
37151
37149
37151
37151
37153
37153
37153
37151
37147
37147
37147
37147
37149
37151
37151
37151
37151
37151
37151
37151
37153
37155
37157
37157
37157
37157
37155
37157
37157
37157
37159
37157
37157
37157
37155
37153
37153
37155
37157
37157
37157
37155
37155
37153
37151
37153
37153
37153
37153
37151
37151
37151
37151
37145
37149
37149
37149
37149
37153
37149
37151
37149
37151
37151
37149
37153
37153
37153
37153
37151
37151
37149
37151
37149
37151
37155
37155
37155
37153
37153
37155
37155
37155
37155
37157
37155
37155
37153
37151
37153
37153
37153
37153
37153
37153
37153
37151
37153
37153
37155
37155
37155
37157
37155
37155
37155
37153
37153
37153
37153
37153
37155
37153
37153
37151
37153
37153
37151
37153
37153
37155
37153
37153
37153
37151
37151
37151
37151
37151
37151
37153
37151
37151
37149
37149
37149
37149
37149
37151
37151
37151
37151
37151
37151
37153
37151
37155
37155
37155
37157
37155
37155
37153
37155
37155
37157
37157
37155
37155
37155
37155
37151
37153
37151
37157
37155
37153
37153
37151
37153
37151
37153
37151
37153
37151
37153
37153
37151
37151
37151
37151
37153
37151
37153
37151
37151
37155
37151
37151
37153
37153
37153
37153
37153
37153
37151
37153
37153
37153
37155
37155
37155
37157
37155
37155
37155
37153
37153
37155
37155
37155
37153
37153
37151
37151
37151
37151
37151
37153
37153
37151
37151
37151
37151
37151
37151
37153
37151
37151
37153
37153
37153
37153
37153
37151
37153
37151
37153
37151
37151
37153
37153
37153
37153
37151
37153
37153
37153
37155
37153
37153
37155
37153
37151
37153
37153
37153
37151
37151
37151
37151
37149
37153
37153
37153
37153
37153
37151
37153
37153
37153
37155
37155
37153
37153
37153
37153
37153
37151
37153
37153
37151
37153
37151
37153
37153
37153
37155
37151
37153
37151
37153
37153
37153
37153
37151
37151
37151
37153
37151
37153
37151
37151
37151
37151
37151
37153
37151
37151
37153
37151
37153
37151
37153
37153
37153
37153
37153
37153
37153
37153
37151
37153
37153
37151
37155
37153
37151
37153
37153
37153
37155
37153
37155
37151
37153
37153
37151
37153
37151
37155
37151
37153
37151
37153
37153
37153
37153
37151
37153
37151
37153
37151
37155
37153
37153
37151
37153
37153
37151
37153
37153
37153
37153
37151
37153
37151
37155
37153
37151
37153
37151
37151
37149
37151
37151
37153
37151
37151
37151
37153
37151
37151
37151
37153
37151
37153
37151
37155
37151
37151
37153
37151
37153
37153
37153
37153
37151
37153
37155
37155
37153
37153
37153
37153
37149
37153
37155
37153
37153
37155
37153
37153
37153
37153
37153
37153
37153
37153
37151
37151
37153
37151
37153
37151
37153
37151
37153
37151
37151
37151
37151
37153
37149
37151
37151
37149
37151
37151
37151
37151
37153
37151
37153
37151
37153
37149
37153
37153
37151
37151
37155
37153
37151
37151
37153
37153
37151
37153
37153
37151
37153
37151
37151
37155
37153
37153
37153
37151
37153
37151
37151
37151
37153
37151
37153
37149
37153
37151
37153
37151
37153
37151
37153
37153
37151
37153
37151
37153
37151
37151
37151
37153
37149
37151
37153
37151
37153
37151
37151
37151
37153
37151
37153
37153
37151
37153
37151
37153
37151
37153
37151
37153
37151
37155
37153
37151
37151
37153
37151
37153
37153
37151
37151
37153
37151
37151
37153
37151
37153
37151
37153
37153
37151
37153
37153
37151
37151
37153
37151
37151
37153
37151
37153
37151
37153
37151
37151
37153
37151
37151
37155
37151
37151
37153
37153
37151
37151
37151
37153
37151
37153
37153
37153
37151
37153
37153
37153
37151
37153
37153
37153
37151
37151
37153
37153
37153
37151
37153
37151
37153
37151
37151
37153
37151
37153
37151
37153
37151
37151
37151
37151
37153
37151
37153
37151
37151
37151
37151
37151
37151
37151
37153
37151
37153
37151
37151
37151
37151
37151
37153
37151
37153
37153
37153
37151
37151
37153
37153
37151
37153
37151
37155
37153
37153
37151
37155
37153
37153
37153
37153
37153
37151
37151
37151
37153
37153
37153
37151
37153
37153
37151
37151
37153
37151
37155
37151
37151
37151
37153
37149
37153
37153
37151
37151
37151
37151
37153
37151
37153
37149
37153
37151
37153
37151
37151
37153
37151
37151
37153
37151
37153
37151
37151
37153
37151
37153
37151
37151
37151
37151
37151
37151
37153
37151
37153
37153
37151
37151
37151
37153
37151
37153
37151
37153
37149
37153
37151
37153
37151
37153
37151
37151
37153
37151
37153
37153
37153
37151
37153
37151
37153
37151
37153
37151
37151
37151
37153
37151
37151
37153
37153
37151
37151
37153
37151
37151
37153
37151
37151
37153
37151
37153
37151
37151
37151
37151
37151
37151
37153
37151
37153
37151
37151
37151
37151
37151
37151
37153
37151
37151
37151
37153
37151
37151
37151
37151
37153
37151
37153
37151
37151
37151
37151
37153
37151
37151
37151
37153
37151
37153
37151
37153
37151
37151
37151
37153
37151
37153
37151
37153
37151
37153
37153
37153
37151
37155
37155
37153
37151
37153
37149
37151
37153
37151
37153
37151
37153
37151
37153
37151
37153
37151
37153
37153
37151
37153
37149
37151
37153
37151
37153
37151
37153
37151
37151
37153
37151
37153
37153
37151
37151
37153
37153
37151
37153
37151
37155
37151
37153
37151
37153
37151
37153
37151
37153
37151
37153
37151
37151
37151
37153
37151
37153
37151
37153
37151
37153
37151
37151
37151
37151
37151
37153
37149
37149
37151
37151
37151
37151
37153
37153
37151
37151
37151
37153
37153
37153
37151
37153
37151
37153
37153
37153
37151
37151
37151
37155
37151
37153
37151
37153
37153
37149
37153
37153
37151
37153
37151
37153
37151
37149
37151
37153
37151
37149
37151
37151
37151
37151
37151
37153
37149
37151
37151
37153
37151
37153
37151
37151
37151
37151
37153
37149
37151
37151
37151
37151
37151
37151
37153
37151
37153
37151
37153
37153
37151
37151
37153
37151
37153
37151
37155
37153
37151
37153
37153
37151
37153
37151
37151
37153
37151
37153
37151
37153
37153
37153
37151
37151
37151
37153
37149
37151
37151
37153
37151
37153
37151
37151
37151
37151
37153
37151
37153
37149
37151
37151
37151
37151
37151
37151
37151
37151
37151
37151
37151
37151
37151
37151
37151
37151
37151
37151
37151
37149
37153
37195
37293
37429
37545
37617
37643
37627
37589
37545
37499
37463
37461
37449
37419
37371
37313
37263
37219
37205
37223
37257
37291
37329
37357
37371
37379
37383
37389
37391
37393
37395
37395
37401
37407
37405
37403
37403
37401
37403
37399
37395
37387
37381
37381
37379
37381
37383
37383
37383
37389
37385
37383
37375
37369
37369
37363
37357
37351
37345
37339
37333
37333
37327
37325
37321
37323
37319
37317
37313
37311
37311
37309
37303
37297
37293
37291
37283
37279
37273
37269
37267
37263
37261
37257
37253
37247
37243
37237
37231
37225
37219
37211
37205
37199
37195
37189
37183
37183
37181
37179
37175
37171
37171
37167
37163
37157
37157
37155
37155
37157
37157
37161
37165
37171
37175
37177
37175
37177
37177
37179
37177
37179
37179
37179
37177
37173
37171
37167
37167
37165
37161
37161
37159
37157
37157
37159
37159
37159
37161
37161
37163
37163
37163
37165
37167
37169
37169
37167
37171
37169
37171
37173
37171
37173
37171
37173
37173
37175
37173
37173
37181
37185
37153
37117
37145
37223
37253
37169
37051
37055
37197
37305
37239
37045
36971
37131
37337
37331
37091
36895
37005
37301
37425
37209
36885
36869
37193
37469
37353
36957
36773
37039
37429
37485
37113
36753
36865
37301
37557
37307
36823
36723
37117
37537
37485
36993
36653
36903
37419
37601
37211
36695
36719
37229
37627
37437
36849
36607
36995
37545
37607
37079
36589
36769
37359
37681
37337
36701
36605
37121
37647
37559
36925
36529
36867
37497
37691
37197
36575
36651
37259
37715
37465
36755
36513
36989
37617
37657
37031
36493
36739
37411
37743
37327
36609
36543
37139
37709
37581
36857
36457
36861
37553
37733
37163
36497
36623
37299
37767
37461
36683
36469
37007
37671
37679
36977
36431
36735
37457
37779
37299
36541
36527
37175
37755
37577
36785
36415
36877
37593
37725
37113
36529
36725
37339
37659
37329
36767
36719
37161
37541
37429
36981
36777
37035
37377
37417
37131
36915
37027
37273
37355
37193
36995
37007
37197
37335
37261
37071
36999
37125
37281
37283
37135
37025
37089
37237
37295
37185
37051
37053
37183
37281
37229
37101
37049
37133
37247
37253
37145
37059
37099
37211
37259
37191
37089
37081
37169
37243
37219
37127
37081
37133
37215
37229
37163
37097
37111
37183
37229
37193
37119
37101
37157
37215
37207
37149
37107
37131
37195
37215
37171
37117
37119
37171
37209
37191
37135
37117
37151
37199
37201
37155
37119
37137
37185
37203
37171
37131
37129
37167
37199
37187
37147
37129
37155
37189
37193
37161
37133
37143
37177
37193
37173
37143
37137
37163
37185
37179
37155
37141
37153
37175
37183
37165
37145
37147
37169
37181
37173
37153
37143
37159
37179
37179
37161
37147
37153
37173
37179
37167
37149
37149
37165
37179
37187
37165
37119
37105
37165
37251
37245
37125
37023
37079
37247
37323
37195
36997
36983
37197
37383
37303
37017
36881
37069
37377
37429
37133
36833
36915
37283
37507
37289
36873
36787
37131
37499
37455
37017
36715
36929
37397
37571
37219
36751
36757
37213
37595
37431
36889
36645
36991
37509
37591
37107
36635
36779
37331
37659
37353
36749
36621
37099
37617
37563
36963
36557
36855
37463
37683
37231
36619
36651
37227
37693
37485
36807
36529
36965
37585
37665
37073
36523
36723
37373
37733
37367
36655
36545
37101
37685
37605
36909
36473
36827
37515
37737
37211
36531
36603
37255
37751
37497
36737
36465
36969
37641
37697
37031
36449
36703
37417
37779
37347
36579
36511
37127
37737
37609
36845
36419
36839
37565
37763
37165
36471
36599
37297
37789
37477
36667
36441
36995
37679
37673
36989
36503
36807
37427
37653
37235
36711
36763
37239
37563
37369
36917
36791
37093
37413
37391
37083
36909
37061
37303
37345
37153
36973
37027
37229
37341
37235
37043
37005
37155
37297
37265
37105
37019
37111
37259
37287
37161
37039
37067
37203
37283
37213
37079
37051
37157
37261
37241
37125
37055
37113
37227
37253
37173
37079
37091
37185
37247
37205
37113
37083
37149
37225
37225
37151
37093
37119
37197
37229
37181
37113
37109
37169
37219
37201
37137
37103
37141
37203
37211
37163
37113
37123
37179
37213
37183
37129
37115
37161
37205
37197
37147
37119
37143
37191
37203
37165
37127
37133
37175
37201
37181
37141
37127
37159
37191
37187
37155
37131
37149
37181
37191
37167
37139
37143
37167
37189
37177
37149
37141
37159
37181
37183
37159
37141
37151
37173
37183
37171
37151
37145
37161
37181
37177
37157
37145
37155
37173
37181
37163
37147
37151
37169
37181
37185
37159
37117
37109
37175
37255
37237
37111
37021
37093
37263
37319
37171
36983
36999
37223
37389
37275
36989
36887
37107
37403
37407
37087
36819
36951
37331
37505
37237
36837
36811
37185
37525
37413
36955
36715
36991
37449
37555
37147
36713
36801
37289
37609
37365
36815
36663
37073
37563
37551
37017
36613
36849
37413
37653
37259
36683
36665
37193
37655
37493
36863
36561
36947
37543
37653
37115
36569
36721
37333
37711
37387
36707
36563
37075
37651
37605
36951
36501
36817
37477
37725
37241
36573
36607
37225
37727
37511
36777
36485
36941
37609
37697
37069
36479
36691
37379
37767
37377
36621
36509
37097
37711
37621
36889
36435
36817
37529
37761
37203
36497
36587
37265
37773
37503
36707
36441
36969
37661
37709
37015
36425
36699
37431
37795
37337
36555
36499
37139
37739
37583
36851
36507
36917
37515
37619
37119
36669
36835
37329
37569
37287
36857
36823
37165
37439
37345
37029
36915
37109
37331
37325
37113
36965
37059
37263
37339
37199
37019
37021
37185
37307
37243
37079
37023
37139
37279
37273
37131
37031
37089
37229
37281
37185
37061
37063
37183
37267
37223
37103
37055
37135
37239
37247
37151
37071
37103
37203
37247
37191
37101
37087
37165
37233
37217
37133
37089
37135
37209
37227
37165
37105
37113
37181
37221
37191
37123
37105
37153
37209
37205
37147
37109
37133
37191
37213
37171
37121
37121
37171
37207
37187
37139
37117
37155
37199
37201
37157
37121
37139
37181
37201
37171
37135
37133
37167
37195
37183
37145
37131
37153
37185
37189
37159
37137
37145
37175
37189
37171
37143
37141
37161
37183
37179
37157
37143
37153
37175
37183
37165
37145
37147
37167
37181
37173
37153
37145
37159
37177
37177
37159
37147
37153
37171
37181
37179
37159
37121
37113
37173
37251
37237
37117
37025
37089
37255
37319
37183
36989
36995
37209
37381
37285
37003
36885
37091
37391
37417
37107
36829
36933
37305
37505
37263
36855
36799
37157
37515
37435
36983
36713
36959
37423
37563
37181
36729
36779
37253
37603
37395
36847
36653
37033
37539
37569
37057
36623
36815
37377
37657
37301
36709
36643
37153
37639
37521
36901
36557
36907
37507
37667
37161
36585
36691
37291
37703
37427
36743
36547
37033
37627
37627
36999
36505
36779
37437
37731
37287
36601
36581
37181
37715
37547
36825
36473
36901
37575
37713
37119
36491
36661
37335
37763
37419
36655
36493
37053
37691
37649
36933
36435
36775
37493
37769
37249
36521
36559
37221
37767
37537
36749
36431
36923
37633
37729
37061
36431
36667
37393
37797
37381
36583
36477
37097
37725
37613
36891
36499
36885
37489
37635
37155
36679
36811
37299
37571
37315
36871
36813
37143
37435
37361
37043
36909
37093
37325
37333
37125
36965
37047
37255
37339
37209
37025
37015
37177
37305
37251
37085
37021
37129
37273
37279
37139
37031
37081
37221
37285
37193
37065
37061
37171
37267
37229
37111
37055
37129
37237
37251
37157
37073
37097
37197
37249
37195
37103
37083
37159
37231
37219
37139
37089
37129
37205
37229
37171
37105
37111
37177
37223
37193
37127
37103
37151
37207
37209
37151
37107
37131
37189
37213
37173
37119
37117
37169
37209
37189
37139
37119
37149
37195
37199
37157
37125
37137
37181
37199
37175
37135
37129
37165
37195
37183
37149
37129
37151
37185
37189
37163
37137
37143
37173
37189
37173
37145
37139
37161
37183
37179
37157
37139
37151
37173
37183
37165
37145
37145
37167
37181
37177
37151
37143
37157
37179
37177
37161
37145
37151
37173
37177
37173
37167
37145
37117
37135
37205
37251
37191
37069
37037
37159
37297
37275
37093
36965
37071
37303
37373
37169
36921
36941
37227
37445
37311
36959
36827
37087
37439
37451
37073
36775
36923
37339
37537
37257
36813
36769
37169
37551
37443
36951
36679
36963
37457
37581
37155
36689
36773
37283
37629
37385
36807
36635
37059
37573
37569
37017
36591
36829
37413
37669
37267
36667
36645
37185
37667
37507
36857
36543
36933
37545
37663
37119
36553
36707
37331
37721
37395
36699
36545
37067
37659
37615
36947
36485
36803
37475
37735
37243
36563
36597
37223
37737
37517
36771
36471
36937
37615
37703
37065
36469
36687
37385
37773
37371
36609
36501
37101
37719
37621
36877
36427
36819
37539
37763
37195
36487
36581
37269
37781
37499
36695
36437
36973
37671
37711
37001
36411
36699
37435
37777
37317
36609
36603
37177
37645
37473
36885
36659
37019
37479
37515
37097
36779
36935
37307
37453
37221
36939
36961
37213
37363
37253
37029
36975
37141
37321
37303
37113
36993
37077
37253
37305
37177
37031
37053
37203
37297
37223
37071
37033
37145
37269
37259
37127
37041
37101
37227
37267
37175
37067
37073
37183
37259
37215
37105
37067
37141
37235
37237
37147
37079
37113
37199
37239
37183
37103
37097
37167
37227
37209
37133
37095
37137
37207
37219
37165
37107
37117
37181
37217
37185
37125
37109
37159
37209
37201
37147
37111
37139
37191
37207
37169
37123
37127
37171
37203
37183
37135
37121
37157
37197
37193
37155
37125
37143
37183
37193
37167
37135
37137
37169
37193
37177
37145
37135
37153
37183
37185
37157
37139
37147
37175
37183
37167
37145
37141
37163
37183
37177
37155
37141
37151
37175
37181
37165
37145
37149
37167
37181
37169
37149
37145
37159
37175
37179
37173
37151
37119
37119
37185
37251
37219
37097
37027
37117
37275
37305
37143
36975
37021
37249
37385
37241
36963
36899
37145
37419
37379
37043
36817
36989
37369
37495
37187
36809
36837
37233
37539
37371
36907
36723
37043
37487
37525
37085
36695
36845
37341
37607
37303
36771
36683
37133
37589
37507
36951
36611
36907
37463
37635
37189
36643
36705
37261
37671
37435
36797
36575
37013
37585
37619
37035
36549
36775
37401
37709
37311
36651
36593
37149
37683
37553
36871
36501
36883
37537
37705
37153
36535
36655
37301
37743
37439
36703
36499
37023
37661
37655
36977
36459
36755
37455
37759
37285
36561
36551
37185
37743
37559
36793
36439
36891
37597
37733
37105
36461
36643
37353
37787
37417
36625
36469
37057
37713
37659
36911
36409
36773
37509
37783
37239
36491
36547
37233
37767
37513
36763
36519
36989
37567
37589
37047
36655
36883
37375
37565
37235
36823
36849
37209
37453
37313
36995
36919
37137
37343
37309
37087
36959
37079
37285
37333
37175
37007
37035
37205
37311
37225
37061
37025
37157
37287
37263
37113
37025
37101
37241
37279
37171
37053
37071
37193
37271
37211
37089
37057
37145
37245
37239
37139
37067
37111
37213
37247
37179
37091
37091
37173
37239
37209
37123
37085
37139
37215
37221
37155
37097
37117
37189
37223
37183
37117
37105
37161
37211
37203
37141
37107
37139
37197
37209
37161
37115
37123
37177
37211
37185
37131
37117
37157
37199
37195
37149
37121
37145
37189
37199
37165
37129
37131
37171
37197
37179
37145
37131
37157
37185
37187
37155
37135
37145
37175
37189
37169
37141
37139
37163
37183
37179
37153
37139
37153
37177
37179
37161
37143
37147
37169
37181
37169
37149
37143
37159
37177
37175
37157
37143
37155
37173
37177
37163
37159
37161
37139
37125
37157
37225
37237
37143
37043
37073
37221
37309
37209
37021
36987
37171
37363
37311
37045
36887
37051
37351
37429
37159
36853
36901
37255
37499
37313
36901
36783
37097
37481
37467
37045
36725
36907
37367
37571
37251
36769
36743
37183
37579
37451
36919
36649
36963
37485
37595
37137
36651
36759
37299
37653
37379
36775
36615
37067
37595
37575
36997
36567
36825
37429
37685
37263
36639
36629
37193
37683
37509
36839
36525
36931
37561
37673
37105
36531
36697
37341
37737
37391
36677
36531
37069
37673
37619
36935
36471
36803
37489
37743
37235
36543
36585
37229
37747
37519
36763
36459
36937
37625
37705
37059
36455
36681
37387
37783
37373
36599
36493
37095
37723
37627
36877
36415
36807
37537
37771
37201
36479
36571
37787
37507
36697
36425
36959
37661
37693
37019
36499
36777
37403
37661
37261
36719
36745
37215
37563
37391
36933
36779
37071
37403
37401
37097
36905
37047
37295
37349
37165
36977
37015
37217
37343
37245
37049
36997
37143
37113
37017
37099
37253
37293
37169
37037
37057
37195
37283
37221
37085
37049
37147
37257
37245
37129
37051
37105
37219
37259
37177
37077
37079
37177
37247
37213
37117
37077
37139
37225
37229
37153
37089
37113
37193
37231
37185
37111
37099
37163
37219
37205
37137
37101
37137
37199
37215
37163
37109
37119
37179
37213
37185
37129
37113
37157
37203
37197
37147
37115
37139
37191
37205
37167
37125
37127
37171
37199
37181
37139
37125
37157
37191
37189
37153
37127
37143
37179
37193
37167
37137
37137
37163
37187
37177
37147
37137
37155
37179
37183
37159
37139
37145
37169
37183
37169
37149
37143
37159
37177
37175
37155
37141
37155
37173
37179
37165
37145
37147
37165
37179
37169
37153
37149
37171
37187
37147
37101
37131
37221
37261
37167
37037
37045
37203
37321
37233
37027
36963
37145
37363
37339
37065
36877
37019
37335
37447
37189
36857
36877
37229
37501
37341
36917
36767
37065
37467
37491
37077
36729
36879
37339
37577
37281
36791
36725
37149
37571
37479
36949
36641
36927
37457
37613
37177
36669
36727
37261
37651
37417
36805
36599
37023
37577
37601
37031
36565
36785
37391
37695
37303
36663
36605
37151
37673
37541
36871
36513
36887
37531
37691
37151
36545
36663
37297
37729
37435
36717
36513
37023
37649
37647
36981
36473
36757
37445
37751
37289
36575
36555
37175
37731
37559
36807
36449
36887
37585
37731
37115
36469
36639
37335
37779
37429
36641
36467
37039
37699
37663
36927
36415
36759
37497
37785
37257
36503
36535
37207
37775
37553
36745
36413
36907
37627
37717
37073
36507
36739
37359
37667
37307
36747
36719
37175
37551
37419
36961
36771
37041
37389
37417
37119
36909
37027
37279
37357
37187
36987
37003
37201
37341
37259
37061
36995
37127
37287
37283
37127
37015
37087
37241
37295
37181
37043
37047
37185
37283
37229
37091
37041
37135
37253
37255
37139
37053
37095
37211
37261
37187
37081
37077
37169
37247
37217
37121
37075
37131
37219
37235
37163
37093
37107
37187
37229
37189
37115
37097
37155
37217
37209
37143
37099
37131
37195
37215
37167
37111
37115
37171
37211
37189
37133
37111
37149
37201
37201
37153
37115
37135
37185
37203
37171
37125
37123
37165
37199
37185
37141
37123
37151
37189
37193
37159
37129
37139
37175
37189
37171
37139
37137
37163
37187
37177
37149
37137
37151
37179
37183
37163
37141
37143
37167
37181
37169
37147
37141
37159
37177
37177
37157
37141
37151
37171
37177
37163
37145
37147
37163
37177
37173
37159
37159
37149
37123
37135
37199
37245
37187
37071
37041
37161
37295
37269
37087
36969
37083
37305
37363
37153
36915
36955
37241
37445
37291
36943
36829
37105
37445
37437
37049
36769
36941
37359
37533
37231
36795
36781
37193
37557
37425
36925
36681
36987
37471
37569
37131
36677
36787
37299
37627
37361
36787
36641
37077
37581
37555
36993
36589
36845
37425
37665
37249
36657
36651
37201
37671
37493
36841
36539
36941
37553
37659
37101
36547
36713
37341
37719
37379
36683
36547
37079
37667
37607
36931
36481
36809
37485
37731
37231
36553
36597
37231
37739
37507
36757
36469
36945
37621
37699
37053
36463
36687
37389
37773
37363
36603
36503
37103
37721
37619
36867
36423
36819
37541
37763
37193
36481
36581
37269
37781
37495
36689
36431
36971
37671
37709
36999
36407
36693
37433
37779
37315
36607
36599
37173
37645
37473
36879
36653
37017
37481
37517
37095
36775
36927
37305
37453
37221
36937
36961
37213
37363
37251
37027
36969
37137
37319
37305
37117
36987
37071
37249
37305
37177
37029
37049
37199
37299
37225
37071
37029
37139
37265
37261
37131
37041
37095
37225
37269
37179
37067
37067
37179
37259
37219
37107
37063
37135
37229
37237
37151
37079
37107
37199
37241
37187
37103
37091
37163
37229
37211
37137
37091
37131
37203
37219
37163
37105
37113
37181
37217
37187
37125
37105
37153
37203
37203
37147
37109
37133
37187
37205
37169
37121
37123
37169
37203
37185
37135
37119
37153
37193
37193
37155
37123
37139
37179
37195
37169
37133
37131
37163
37189
37179
37147
37131
37151
37181
37183
37157
37135
37145
37169
37185
37169
37143
37141
37159
37181
37177
37153
37141
37151
37171
37179
37163
37143
37145
37165
37179
37171
37149
37143
37155
37175
37175
37165
37161
37153
37127
37127
37185
37239
37205
37089
37037
37131
37279
37287
37123
36971
37043
37269
37377
37209
36947
36919
37179
37429
37345
37003
36817
37031
37397
37473
37133
36789
36871
37277
37537
37319
36865
36739
37091
37511
37493
37027
36683
36891
37387
37595
37245
36733
36715
37189
37607
37459
36893
36615
36961
37507
37613
37125
36617
36743
37313
37675
37377
36745
36591
37071
37619
37585
36973
36539
36823
37449
37697
37249
36609
36619
37207
37701
37505
36809
36507
36935
37581
37679
37087
36505
36695
37357
37745
37379
36651
36523
37081
37687
37615
36913
36455
36807
37505
37747
37217
36521
36583
37241
37757
37509
36735
36447
36949
37641
37705
37037
36437
36687
37405
37787
37357
36577
36493
37113
37737
37619
36845
36407
36823
37557
37767
37171
36459
36579
37285
37779
37463
36715
36529
37039
37593
37561
37001
36643
36915
37407
37555
37199
36803
36865
37231
37455
37291
36977
36927
37155
37351
37293
37069
36959
37091
37291
37329
37159
37001
37039
37215
37307
37211
37051
37029
37163
37287
37253
37101
37021
37107
37247
37273
37161
37047
37071
37199
37271
37205
37083
37057
37153
37249
37233
37127
37061
37113
37217
37247
37171
37087
37091
37177
37235
37201
37115
37085
37145
37217
37221
37149
37091
37119
37193
37221
37177
37113
37107
37165
37213
37197
37135
37103
37139
37197
37207
37157
37113
37121
37179
37209
37179
37127
37117
37159
37199
37189
37145
37117
37143
37189
37197
37163
37125
37135
37171
37193
37175
37139
37127
37161
37187
37183
37149
37129
37145
37177
37187
37165
37139
37141
37163
37181
37173
37149
37137
37155
37179
37177
37157
37139
37147
37167
37179
37167
37145
37141
37159
37177
37171
37153
37141
37153
37171
37175
37159
37147
37163
37171
37139
37113
37157
37235
37233
37123
37029
37089
37247
37307
37173
36991
37001
37219
37377
37263
36987
36893
37113
37403
37393
37071
36819
36963
37337
37497
37215
36825
36823
37203
37525
37389
36933
36721
37011
37461
37533
37117
36705
36821
37305
37603
37331
36797
36673
37097
37569
37525
36985
36611
36871
37431
37643
37227
36665
36683
37217
37657
37463
36831
36561
36971
37559
37637
37081
36555
36737
37359
37707
37349
36677
36571
37107
37665
37577
36907
36493
36843
37505
37713
37195
36547
36625
37259
37735
37473
36739
36489
36983
37637
37675
37019
36463
36723
37419
37763
37325
36585
36525
37141
37727
37587
36835
36431
36855
37569
37745
37145
36467
36613
37309
37783
37449
36653
36451
37015
37691
37679
36951
36405
36735
37479
37791
37279
36507
36517
37191
37759
37541
36793
36503
36957
37545
37603
37073
36651
36859
37359
37567
37253
36829
36833
37185
37447
37323
37007
36913
37125
37339
37315
37093
36959
37067
37273
37335
37185
37009
37023
37195
37305
37231
37065
37019
37145
37281
37265
37117
37021
37091
37233
37279
37175
37053
37063
37185
37269
37217
37093
37051
37139
37243
37241
37141
37063
37103
37205
37247
37181
37089
37085
37169
37235
37209
37127
37083
37135
37211
37223
37159
37097
37111
37183
37221
37185
37117
37103
37155
37211
37203
37141
37103
37133
37191
37209
37165
37115
37119
37171
37205
37183
37129
37113
37153
37199
37197
37149
37117
37137
37181
37199
37167
37125
37127
37167
37193
37179
37141
37127
37153
37185
37185
37153
37129
37141
37173
37187
37163
37139
37135
37159
37181
37173
37149
37137
37151
37175
37179
37159
37139
37145
37167
37179
37169
37147
37141
37155
37175
37173
37153
37141
37151
37169
37177
37163
37145
37147
37165
37181
37179
37137
37093
37127
37225
37265
37173
37035
37029
37187
37323
37257
37043
36947
37107
37345
37363
37105
36877
36969
37289
37457
37247
36887
36833
37157
37485
37403
36981
36751
36987
37417
37527
37159
36747
36809
37257
37577
37365
36853
36681
37053
37531
37539
37043
36641
36837
37379
37635
37277
36715
36665
37161
37629
37501
36891
36571
36921
37511
37647
37143
36591
36707
37301
37697
37403
36737
36559
37045
37627
37611
36983
36511
36793
37445
37719
37265
36599
36597
37191
37711
37527
36811
36481
36913
37579
37699
37097
36493
36673
37347
37755
37397
36647
36501
37067
37693
37635
36921
36435
36789
37501
37761
37231
36511
36563
37229
37765
37523
36735
36433
36933
37639
37717
37045
36427
36671
37399
37793
37363
36569
36475
37107
37741
37627
36849
36395
36815
37555
37753
37169
36533
36671
37285
37663
37375
36791
36683
37113
37529
37463
37011
36765
36993
37355
37435
37157
36911
36995
37253
37361
37213
36997
36985
37175
37333
37279
37079
36991
37101
37271
37293
37145
37017
37067
37225
37297
37193
37049
37035
37167
37279
37237
37101
37037
37119
37243
37259
37149
37053
37083
37199
37259
37195
37087
37069
37157
37239
37221
37129
37073
37121
37211
37233
37167
37091
37099
37179
37229
37195
37117
37093
37145
37211
37213
37147
37099
37121
37189
37215
37171
37113
37111
37163
37209
37191
37131
37107
37143
37197
37201
37155
37115
37127
37179
37203
37171
37127
37121
37163
37197
37185
37141
37121
37149
37183
37191
37157
37127
37135
37171
37191
37167
37139
37133
37159
37185
37177
37151
37135
37147
37173
37179
37163
37139
37141
37163
37179
37171
37149
37137
37151
37175
37175
37157
37139
37147
37167
37177
37165
37145
37141
37161
37175
37171
37151
37143
37165
37183
37149
37101
37127
37219
37255
37163
37033
37045
37203
37319
37231
37023
36961
37147
37361
37329
37061
36875
37025
37341
37443
37177
36849
36879
37235
37499
37331
36911
36769
37073
37473
37477
37061
36721
36887
37351
37571
37263
36775
36729
37163
37575
37461
36929
36639
36945
37473
37603
37151
36651
36741
37281
37651
37389
36779
36601
37049
37589
37587
37003
36555
36809
37423
37687
37265
36633
36621
37189
37685
37509
36831
36515
36927
37561
37677
37099
36523
36695
37349
37733
37381
36667
36531
37079
37679
37611
36919
36463
36809
37497
37739
37219
36533
36589
37243
37749
37499
36737
36455
36953
37635
37697
37031
36441
36695
37411
37781
37341
36569
36499
37127
37741
37605
36831
36409
36837
37573
37759
37147
36449
36595
37311
37793
37461
36643
36431
37007
37689
37661
36967
36491
36819
37435
37649
37217
36695
36765
37247
37565
37359
36903
36787
37097
37415
37383
37071
36901
37059
37303
37343
37147
36969
37023
37231
37341
37231
37035
37001
37149
37295
37261
37097
37011
37105
37259
37283
37151
37027
37059
37203
37283
37205
37069
37047
37155
37259
37237
37117
37047
37109
37225
37253
37165
37069
37083
37181
37247
37201
37105
37077
37145
37227
37223
37143
37081
37115
37195
37225
37175
37103
37103
37167
37219
37197
37127
37095
37139
37201
37209
37155
37107
37121
37179
37211
37177
37119
37113
37159
37201
37193
37141
37111
37141
37189
37197
37157
37117
37127
37173
37199
37175
37131
37123
37155
37189
37183
37147
37125
37145
37181
37187
37159
37129
37133
37165
37185
37173
37141
37135
37153
37177
37177
37153
37133
37147
37169
37179
37165
37143
37143
37159
37177
37169
37151
37139
37153
37169
37175
37161
37143
37145
37163
37173
37165
37151
37157
37167
37141
37117
37149
37225
37229
37131
37035
37079
37233
37307
37187
37003
36993
37193
37369
37281
37009
36889
37083
37381
37409
37105
36825
36933
37301
37497
37253
36849
36801
37161
37511
37419
36971
36713
36967
37427
37547
37165
36725
36789
37263
37597
37373
36835
36659
37045
37541
37553
37037
36623
36827
37383
37647
37277
36695
36649
37163
37639
37507
36889
36555
36913
37515
37655
37139
36573
36695
37305
37703
37405
36723
36543
37039
37633
37615
36973
36497
36789
37451
37727
37261
36579
36585
37195
37717
37527
36797
36475
36919
37591
37701
37087
36477
36669
37355
37761
37389
36633
36497
37075
37699
37627
36899
36427
36795
37513
37759
37215
36497
36563
37243
37769
37509
36715
36427
36949
37653
37713
37023
36417
36677
37413
37797
37347
36555
36483
37119
37737
37591
36855
36493
36897
37505
37625
37129
36663
36819
37313
37569
37295
36851
36811
37153
37439
37349
37027
36905
37097
37325
37325
37111
36959
37049
37259
37339
37199
37015
37011
37177
37301
37241
37073
37015
37131
37273
37273
37129
37019
37077
37223
37279
37187
37059
37057
37173
37265
37221
37097
37047
37127
37237
37245
37147
37063
37095
37197
37245
37185
37091
37081
37159
37231
37213
37127
37081
37125
37205
37221
37159
37095
37107
37179
37221
37187
37119
37097
37149
37207
37203
37143
37101
37129
37187
37209
37167
37115
37113
37165
37205
37185
37131
37111
37147
37193
37195
37149
37115
37131
37179
37197
37167
37127
37127
37163
37191
37179
37141
37123
37147
37183
37185
37155
37129
37139
37171
37183
37165
37139
37133
37159
37179
37175
37147
37133
37147
37171
37179
37161
37141
37143
37163
37177
37165
37143
37137
37153
37171
37173
37155
37141
37147
37167
37173
37159
37149
37161
37149
37121
37133
37197
37241
37181
37065
37041
37165
37295
37255
37073
36967
37089
37315
37351
37129
36903
36963
37261
37443
37265
36921
36837
37131
37457
37409
37013
36763
36967
37389
37523
37189
36771
36801
37227
37561
37383
36883
36689
37027
37503
37545
37075
36659
36819
37345
37625
37305
36745
36661
37133
37607
37511
36929
36579
36895
37477
37647
37179
36615
36691
37263
37681
37427
36769
36549
37013
37603
37623
37017
36521
36769
37413
37717
37295
36617
36579
37159
37699
37547
36841
36477
36885
37559
37705
37127
36503
36653
37319
37751
37417
36667
36491
37039
37677
37643
36941
36441
36769
37479
37759
37247
36525
36551
37209
37757
37533
36753
36431
36917
37627
37721
37059
36429
36659
37383
37793
37377
36581
36473
37087
37733
37635
36861
36393
36799
37541
37753
37179
36537
36661
37275
37661
37381
36793
36679
37105
37527
37467
37013
36763
36987
37353
37433
37159
36911
36993
37247
37359
37211
36995
36981
37173
37331
37277
37079
36985
37099
37269
37291
37141
37013
37065
37225
37295
37197
37049
37031
37163
37275
37239
37099
37035
37117
37239
37257
37151
37053
37079
37197
37259
37195
37085
37067
37155
37239
37223
37125
37071
37119
37211
37233
37165
37089
37099
37177
37227
37193
37117
37091
37143
37211
37209
37145
37097
37121
37187
37215
37169
37113
37107
37165
37209
37191
37131
37103
37141
37193
37197
37151
37111
37125
37177
37201
37171
37123
37117
37159
37193
37185
37141
37119
37145
37185
37189
37155
37123
37133
37171
37189
37171
37137
37129
37153
37183
37175
37149
37129
37143
37173
37181
37159
37137
37137
37163
37175
37171
37145
37137
37153
37173
37173
37153
37137
37143
37165
37175
37161
37143
37143
37157
37175
37167
37149
37147
37165
37155
37119
37125
37195
37243
37185
37063
37035
37163
37295
37257
37069
36963
37095
37319
37355
37125
36895
36965
37267
37445
37255
36909
36839
37143
37467
37403
36997
36761
36979
37399
37519
37173
36765
36807
37243
37565
37369
36869
36689
37041
37513
37537
37057
36655
36833
37359
37625
37289
36731
36667
37145
37613
37503
36913
36579
36907
37491
37643
37159
36607
36699
37283
37687
37413
36753
36555
37027
37613
37613
36999
36515
36781
37425
37717
37277
36607
36583
37173
37703
37535
36825
36479
36899
37565
37697
37113
36499
36661
37333
37753
37407
36661
36493
37047
37681
37635
36935
36439
36771
37485
37759
37245
36521
36553
37213
37757
37533
36751
36429
36917
37627
37721
37057
36429
36657
37383
37793
37377
36581
36469
37089
37733
37635
36863
36391
36797
37539
37753
37189
36539
36657
37267
37661
37385
36801
36675
37099
37521
37467
37019
36763
36981
37347
37435
37167
36913
36987
37243
37359
37215
36997
36977
37167
37331
37279
37083
36985
37095
37267
37291
37147
37017
37061
37219
37297
37199
37051
37033
37159
37275
37239
37105
37035
37111
37237
37259
37153
37051
37077
37193
37255
37199
37087
37063
37151
37237
37223
37129
37069
37117
37205
37233
37167
37091
37095
37173
37225
37193
37115
37091
37143
37209
37211
37147
37097
37119
37187
37211
37169
37111
37107
37161
37207
37189
37133
37103
37141
37193
37199
37155
37115
37127
37175
37201
37171
37125
37117
37155
37193
37183
37141
37119
37143
37181
37187
37157
37125
37131
37167
37187
37173
37135
37127
37155
37181
37177
37147
37131
37145
37171
37179
37161
37137
37135
37161
37177
37167
37145
37137
37151
37173
37173
37153
37137
37143
37163
37175
37163
37143
37141
37159
37173
37167
37149
37139
37159
37181
37153
37103
37117
37207
37255
37175
37043
37031
37179
37315
37249
37043
36951
37113
37341
37347
37091
36877
36985
37303
37449
37219
36873
36847
37185
37487
37369
36953
36755
37019
37437
37505
37117
36735
36839
37293
37573
37323
36821
36699
37097
37545
37505
36995
36639
36879
37413
37621
37227
36687
36693
37207
37637
37453
36845
36577
36967
37541
37623
37087
36571
36743
37347
37693
37345
36689
36575
37101
37653
37571
36915
36505
36843
37491
37703
37193
36559
36631
37255
37721
37467
36743
36495
36977
37623
37663
37019
36471
36725
37411
37751
37319
36591
36533
37139
37721
37575
36833
36435
36859
37563
37735
37139
36469
36615
37311
37775
37441
36651
36453
37019
37689
37671
36945
36407
36739
37481
37783
37267
36505
36523
37195
37769
37557
36751
36403
36895
37623
37717
37077
36497
36729
37357
37663
37303
36739
36713
37171
37547
37417
36957
36765
37035
37385
37415
37117
36899
37021
37273
37353
37181
36977
36997
37199
37337
37253
37055
36985
37117
37281
37279
37119
37011
37083
37239
37293
37175
37035
37043
37179
37279
37225
37085
37037
37129
37247
37249
37133
37045
37089
37207
37257
37181
37077
37069
37165
37243
37213
37115
37067
37129
37215
37227
37153
37085
37105
37183
37225
37183
37109
37093
37153
37211
37205
37137
37095
37127
37193
37211
37163
37105
37111
37169
37209
37183
37123
37103
37147
37197
37195
37145
37111
37131
37181
37201
37163
37117
37117
37163
37197
37179
37135
37117
37149
37185
37185
37147
37123
37137
37173
37187
37161
37133
37131
37161
37181
37173
37143
37131
37149
37175
37177
37155
37135
37139
37163
37177
37163
37143
37137
37153
37173
37171
37151
37137
37145
37167
37175
37159
37141
37141
37159
37173
37165
37151
37155
37151
37123
37125
37183
37235
37199
37083
37035
37135
37277
37277
37109
36969
37049
37277
37367
37185
36929
36925
37197
37431
37323
36977
36817
37053
37413
37457
37095
36775
36895
37309
37533
37277
36829
36749
37129
37529
37459
36977
36675
36927
37423
37581
37189
36699
36739
37237
37615
37413
36841
36619
37009
37539
37583
37055
36593
36785
37365
37667
37311
36691
36615
37131
37643
37537
36901
36529
36879
37505
37679
37167
36565
36659
37275
37713
37435
36735
36519
37005
37627
37641
36999
36479
36751
37427
37739
37291
36585
36555
37161
37717
37555
36819
36451
36879
37573
37721
37121
36475
36635
37323
37765
37421
36647
36469
37031
37689
37655
36933
36415
36753
37485
37771
37253
36507
36537
37203
37767
37541
36743
36409
36905
37629
37733
37061
36417
36641
37377
37779
37369
36631
36563
37117
37627
37505
36919
36639
36975
37455
37529
37125
36775
36899
37275
37455
37241
36943
36939
37187
37357
37263
37035
36957
37117
37307
37313
37127
36987
37055
37235
37305
37185
37027
37035
37183
37293
37233
37077
37017
37123
37255
37261
37133
37035
37083
37213
37267
37185
37065
37059
37165
37253
37219
37109
37059
37123
37223
37237
37153
37073
37095
37187
37237
37189
37101
37083
37151
37219
37209
37133
37087
37123
37195
37217
37163
37099
37107
37169
37213
37187
37123
37097
37145
37199
37199
37147
37105
37125
37181
37205
37169
37117
37115
37161
37199
37183
37131
37113
37145
37187
37191
37153
37117
37131
37175
37191
37167
37129
37125
37157
37185
37175
37143
37125
37145
37177
37181
37155
37131
37137
37165
37179
37167
37143
37133
37155
37173
37173
37149
37135
37145
37165
37177
37159
37139
37139
37159
37173
37165
37145
37137
37151
37169
37171
37153
37139
37143
37165
37181
37171
37115
37087
37147
37241
37249
37127
37009
37059
37233
37325
37201
36991
36963
37175
37377
37309
37019
36861
37045
37365
37431
37139
36825
36891
37265
37507
37299
36873
36767
37103
37495
37463
37021
36703
36907
37383
37573
37227
36743
36733
37193
37589
37437
36889
36627
36969
37499
37595
37113
36627
36755
37313
37657
37355
36741
36603
37079
37613
37563
36961
36541
36833
37453
37681
37227
36607
36633
37219
37693
37485
36795
36513
36949
37583
37663
37063
36503
36709
37369
37735
37353
36639
36531
37097
37687
37595
36893
36453
36823
37515
37733
37193
36511
36591
37255
37753
37485
36717
36449
36963
37645
37689
37013
36431
36699
37419
37777
37327
36555
36499
37131
37741
37595
36819
36405
36841
37577
37757
37139
36443
36593
37309
37793
37457
36639
36429
37005
37689
37659
36959
36485
36811
37437
37651
37211
36691
36759
37247
37565
37355
36893
36779
37093
37419
37383
37065
36893
37057
37305
37343
37143
36959
37017
37231
37341
37225
37027
36993
37149
37297
37259
37089
37005
37103
37259
37285
37149
37021
37055
37201
37283
37203
37065
37039
37151
37261
37237
37113
37041
37105
37223
37253
37163
37065
37077
37181
37245
37199
37099
37069
37139
37225
37221
37139
37079
37113
37195
37227
37173
37099
37097
37161
37217
37195
37125
37091
37135
37199
37207
37151
37099
37117
37177
37209
37177
37115
37103
37153
37201
37191
37137
37105
37135
37187
37195
37155
37115
37123
37169
37195
37171
37127
37117
37151
37189
37183
37143
37121
37139
37175
37185
37157
37129
37131
37161
37181
37169
37139
37127
37151
37177
37177
37151
37133
37139
37167
37177
37163
37139
37135
37157
37173
37169
37147
37133
37147
37169
37173
37155
37137
37141
37161
37173
37161
37145
37153
37159
37133
37115
37159
37227
37219
37111
37031
37097
37249
37297
37155
36983
37007
37221
37371
37249
36973
36891
37121
37399
37381
37057
36815
36971
37341
37489
37199
36817
36821
37205
37521
37375
36921
36715
37015
37461
37527
37105
36699
36821
37309
37597
37323
36789
36671
37099
37567
37519
36977
36607
36871
37429
37637
37217
36657
36675
37215
37655
37457
36827
36557
36967
37555
37629
37073
36549
36733
37355
37705
37343
36669
36565
37099
37663
37573
36905
36489
36835
37497
37709
37193
36541
36615
37253
37731
37471
36737
36481
36971
37629
37671
37019
36457
36713
37409
37759
37325
36585
36519
37129
37723
37585
36833
36425
36843
37559
37743
37147
36467
36601
37299
37777
37453
36655
36443
37003
37685
37679
36953
36401
36723
37467
37789
37279
36505
36509
37177
37755
37539
36791
36499
36951
37543
37599
37069
36643
36851
37353
37567
37251
36823
36825
37185
37445
37319
36997
36907
37119
37337
37309
37087
36951
37063
37271
37331
37177
37001
37021
37193
37305
37225
37059
37015
37141
37277
37261
37111
37017
37087
37231
37277
37169
37047
37057
37181
37267
37211
37089
37047
37135
37239
37237
37135
37057
37097
37203
37243
37175
37085
37079
37163
37233
37205
37117
37077
37131
37207
37219
37153
37087
37107
37179
37217
37177
37111
37093
37151
37207
37197
37135
37097
37129
37187
37205
37159
37107
37115
37167
37203
37179
37125
37107
37147
37193
37191
37143
37111
37131
37177
37195
37163
37121
37125
37163
37189
37175
37137
37121
37149
37179
37181
37149
37123
37135
37169
37183
37161
37135
37133
37157
37179
37171
37143
37131
37147
37171
37173
37155
37135
37139
37161
37175
37165
37141
37137
37155
37173
37169
37149
37135
37145
37165
37171
37159
37141
37141
37159
37175
37179
37143
37093
37107
37197
37261
37201
37059
37011
37135
37295
37287
37095
36943
37043
37289
37385
37183
36909
36911
37201
37445
37329
36967
36799
37047
37421
37467
37095
36759
36881
37307
37543
37283
36819
36733
37123
37537
37469
36977
36661
36913
37425
37593
37195
36689
36725
37231
37621
37421
36833
36601
36997
37545
37593
37059
36581
36773
37363
37675
37313
36685
36603
37127
37649
37543
36897
36521
36871
37505
37681
37167
36557
36651
37271
37715
37439
36733
36511
37001
37627
37643
36997
36475
36745
37427
37741
37295
36583
36545
37157
37717
37559
36817
36443
36873
37573
37723
37121
36469
36629
37323
37767
37423
36643
36463
37031
37693
37657
36927
36411
36751
37485
37773
37249
36501
36535
37205
37767
37541
36737
36409
36905
37633
37731
37053
36411
36643
37383
37779
37363
36629
36563
37121
37627
37501
36911
36637
36975
37459
37529
37123
36771
36901
37277
37453
37237
36935
36937
37191
37361
37263
37029
36955
37117
37311
37309
37119
36981
37053
37237
37305
37183
37023
37031
37185
37295
37229
37067
37015
37123
37261
37263
37129
37031
37081
37215
37263
37179
37059
37055
37167
37257
37217
37105
37055
37123
37223
37235
37147
37069
37093
37189
37237
37185
37095
37081
37151
37217
37205
37129
37081
37123
37195
37217
37161
37097
37103
37169
37213
37183
37119
37097
37143
37199
37199
37143
37101
37123
37181
37203
37163
37111
37113
37163
37197
37181
37129
37113
37145
37187
37187
37147
37117
37129
37173
37189
37163
37127
37125
37157
37183
37173
37139
37121
37145
37175
37179
37155
37131
37135
37163
37179
37163
37137
37131
37153
37173
37171
37147
37133
37143
37167
37173
37155
37137
37137
37157
37173
37167
37143
37137
37149
37169
37167
37149
37137
37155
37177
37151
37103
37117
37205
37249
37171
37039
37033
37177
37307
37243
37039
36955
37113
37341
37341
37085
36875
36987
37301
37441
37215
36871
36849
37183
37483
37367
36949
36751
37017
37433
37499
37113
36737
36841
37291
37571
37319
36817
36693
37093
37541
37503
36995
36635
36877
37409
37619
37227
36685
36685
37199
37631
37457
36851
36579
36961
37535
37623
37091
36571
36731
37335
37689
37355
36695
36569
37085
37643
37575
36927
36501
36825
37479
37705
37209
36565
36615
37233
37719
37483
36761
36485
36951
37607
37673
37045
36475
36701
37385
37751
37345
36605
36513
37105
37705
37599
36867
36433
36823
37535
37745
37177
36483
36585
37269
37767
37477
36685
36439
36977
37665
37689
36987
36407
36699
37437
37787
37311
36531
36499
37149
37757
37587
36791
36391
36847
37585
37733
37121
36511
36695
37317
37663
37335
36761
36689
37137
37537
37441
36983
36765
37007
37367
37423
37135
36901
37001
37257
37357
37195
36985
36985
37181
37331
37265
37065
36983
37103
37271
37283
37129
37011
37069
37225
37291
37187
37039
37033
37167
37275
37231
37093
37031
37117
37241
37253
37139
37045
37079
37197
37253
37187
37079
37065
37157
37239
37215
37117
37067
37119
37209
37227
37157
37083
37097
37177
37223
37187
37109
37087
37141
37207
37205
37139
37093
37121
37187
37211
37165
37105
37103
37161
37205
37187
37127
37101
37139
37193
37197
37149
37107
37123
37175
37197
37165
37119
37117
37157
37193
37179
37137
37115
37141
37181
37187
37151
37121
37131
37169
37187
37165
37131
37125
37153
37177
37171
37141
37129
37145
37171
37177
37155
37131
37133
37159
37175
37163
37143
37135
37149
37169
37171
37149
37133
37141
37161
37169
37157
37137
37137
37153
37169
37165
37145
37137
37147
37165
37175
37167
37129
37091
37127
37217
37255
37167
37035
37027
37175
37311
37253
37049
36945
37093
37331
37359
37113
36879
36955
37269
37449
37259
36899
36823
37133
37469
37411
36997
36743
36961
37393
37527
37177
36753
36789
37231
37569
37381
36869
36669
37019
37509
37547
37067
36643
36809
37349
37633
37299
36725
36643
37127
37611
37515
36921
36565
36887
37481
37649
37171
36599
36677
37259
37683
37429
36763
36539
37003
37601
37625
37015
36509
36751
37403
37717
37299
36617
36565
37143
37693
37551
36845
36469
36867
37545
37707
37141
36499
36633
37305
37749
37433
36677
36475
37011
37663
37657
36961
36431
36741
37459
37765
37273
36531
36527
37177
37747
37555
36775
36415
36885
37605
37733
37087
36431
36625
37347
37787
37407
36601
36451
37051
37717
37653
36891
36385
36761
37511
37759
37215
36545
36635
37245
37659
37403
36809
36659
37071
37509
37479
37031
36757
36963
37337
37437
37173
36909
36975
37233
37361
37221
36997
36971
37157
37327
37283
37083
36977
37083
37259
37293
37149
37011
37053
37213
37295
37201
37049
37023
37151
37269
37241
37103
37029
37105
37229
37259
37155
37051
37069
37185
37253
37199
37087
37059
37143
37233
37225
37129
37067
37107
37199
37231
37165
37089
37089
37165
37223
37195
37117
37083
37133
37203
37209
37147
37091
37113
37179
37213
37173
37109
37099
37153
37203
37191
37131
37099
37135
37189
37199
37153
37109
37119
37169
37197
37171
37123
37111
37151
37189
37181
37139
37115
37135
37175
37185
37155
37121
37125
37163
37185
37167
37135
37125
37149
37177
37173
37149
37125
37139
37167
37177
37159
37133
37133
37153
37175
37167
37143
37131
37147
37169
37173
37153
37135
37137
37159
37171
37159
37139
37153
37169
37165
37145
37145
37159
37153
37115
37117
37187
37241
37185
37065
37029
37153
37289
37257
37073
36957
37077
37305
37353
37139
36899
36951
37247
37439
37269
36917
36825
37115
37453
37413
37019
36757
36953
36771
36787
37215
37555
37389
36891
36679
37009
37489
37545
37085
36659
36801
37327
37623
37315
36751
36647
37109
37595
37521
36943
36571
36871
37459
37651
37195
36619
36671
37241
37675
37443
36781
36537
36985
37587
37631
37037
36519
36743
37387
37717
37315
36629
36559
37129
37685
37563
36863
36473
36859
37535
37709
37151
36507
36627
37289
37745
37443
36691
36477
37003
37655
37657
36973
36437
36733
37445
37763
37287
36545
36525
37165
37739
37561
36787
36417
36869
37591
37735
37103
36441
36623
37337
37785
37417
36611
36445
37033
37707
37659
36909
36389
36751
37499
37763
37227
36549
36627
37229
37651
37415
36825
36661
37063
37505
37483
37041
36755
36951
37327
37439
37181
36915
36971
37225
37355
37225
37001
36967
37147
37319
